#wave(A)    	flux(maggies)	flux(ABmag)
1.155700e+02	2.419979e-63	1.565405e+02
1.193800e+02	2.419979e-63	1.565405e+02
1.219200e+02	2.419979e-63	1.565405e+02
1.244600e+02	2.419979e-63	1.565405e+02
1.270000e+02	2.419979e-63	1.565405e+02
1.295400e+02	2.419979e-63	1.565405e+02
1.320800e+02	2.419979e-63	1.565405e+02
1.346200e+02	2.419979e-63	1.565405e+02
1.371600e+02	2.419979e-63	1.565405e+02
1.397000e+02	2.419979e-63	1.565405e+02
1.447800e+02	2.419979e-63	1.565405e+02
1.498600e+02	2.419979e-63	1.565405e+02
1.536700e+02	2.419979e-63	1.565405e+02
1.587500e+02	2.419979e-63	1.565405e+02
1.612900e+02	2.419979e-63	1.565405e+02
1.625600e+02	2.419979e-63	1.565405e+02
1.663700e+02	2.419979e-63	1.565405e+02
1.676400e+02	2.419979e-63	1.565405e+02
1.701800e+02	2.419979e-63	1.565405e+02
1.739900e+02	2.419979e-63	1.565405e+02
1.778000e+02	2.419979e-63	1.565405e+02
1.816100e+02	2.419979e-63	1.565405e+02
1.866900e+02	2.419979e-63	1.565405e+02
1.917700e+02	2.419979e-63	1.565405e+02
1.968500e+02	2.419979e-63	1.565405e+02
2.019300e+02	2.419979e-63	1.565405e+02
2.057400e+02	2.419979e-63	1.565405e+02
2.108200e+02	2.419979e-63	1.565405e+02
2.159000e+02	2.419979e-63	1.565405e+02
2.197100e+02	2.419979e-63	1.565405e+02
2.247900e+02	2.419979e-63	1.565405e+02
2.286000e+02	2.419979e-63	1.565405e+02
2.311400e+02	2.419979e-63	1.565405e+02
2.362200e+02	2.419979e-63	1.565405e+02
2.425700e+02	2.419979e-63	1.565405e+02
2.463800e+02	2.419979e-63	1.565405e+02
2.514600e+02	2.419979e-63	1.565405e+02
2.565400e+02	2.419979e-63	1.565405e+02
2.603500e+02	2.419979e-63	1.565405e+02
2.667000e+02	2.419979e-63	1.565405e+02
2.743200e+02	2.419979e-63	1.565405e+02
2.794000e+02	2.419979e-63	1.565405e+02
2.832100e+02	2.419979e-63	1.565405e+02
2.882900e+02	2.419979e-63	1.565405e+02
2.921000e+02	2.419979e-63	1.565405e+02
2.971800e+02	2.419979e-63	1.565405e+02
3.048000e+02	2.419979e-63	1.565405e+02
3.124200e+02	2.419979e-63	1.565405e+02
3.200400e+02	2.419979e-63	1.565405e+02
3.263900e+02	2.419979e-63	1.565405e+02
3.302000e+02	2.419979e-63	1.565405e+02
3.352800e+02	2.419979e-63	1.565405e+02
3.416300e+02	2.419979e-63	1.565405e+02
3.479800e+02	2.419979e-63	1.565405e+02
3.543300e+02	2.419979e-63	1.565405e+02
3.606800e+02	2.419979e-63	1.565405e+02
3.683000e+02	2.419979e-63	1.565405e+02
3.759200e+02	2.419979e-63	1.565405e+02
3.822700e+02	2.419979e-63	1.565405e+02
3.911600e+02	2.419979e-63	1.565405e+02
4.038600e+02	2.419979e-63	1.565405e+02
4.165600e+02	1.422165e-58	1.446176e+02
4.292600e+02	5.929919e-54	1.330674e+02
4.419600e+02	1.498726e-49	1.220607e+02
4.533900e+02	7.995479e-47	1.152429e+02
4.648200e+02	5.707887e-43	1.056088e+02
4.762500e+02	3.577084e-40	9.861618e+01
4.889500e+02	2.298324e-37	9.159647e+01
5.016500e+02	3.277522e-35	8.621114e+01
5.143500e+02	9.807542e-33	8.002110e+01
5.257800e+02	6.369529e-31	7.548973e+01
5.359400e+02	1.286111e-29	7.222680e+01
5.461000e+02	2.578233e-28	6.897169e+01
5.600700e+02	4.139934e-27	6.595752e+01
5.727700e+02	3.344637e-25	6.118913e+01
5.842000e+02	2.103677e-24	5.919255e+01
5.969000e+02	6.475339e-23	5.547184e+01
6.096000e+02	3.041418e-22	5.379231e+01
6.223000e+02	3.053308e-21	5.128807e+01
6.350000e+02	3.309840e-20	4.870048e+01
6.426200e+02	6.812548e-20	4.791673e+01
6.502400e+02	2.447241e-19	4.652831e+01
6.604000e+02	1.043495e-18	4.495377e+01
6.731000e+02	3.577953e-18	4.361591e+01
6.858000e+02	1.333014e-18	4.468791e+01
6.985000e+02	5.859733e-18	4.308031e+01
7.112000e+02	1.371065e-16	3.965736e+01
7.239000e+02	3.965687e-16	3.850420e+01
7.366000e+02	7.111550e-16	3.787009e+01
7.493000e+02	2.974167e-15	3.631659e+01
7.620000e+02	3.888861e-15	3.602544e+01
7.747000e+02	1.564056e-14	3.451437e+01
7.874000e+02	2.034995e-14	3.422859e+01
8.001000e+02	3.434526e-14	3.366033e+01
8.128000e+02	6.032722e-14	3.304872e+01
8.255000e+02	1.243323e-13	3.226354e+01
8.356600e+02	1.456272e-13	3.209189e+01
8.445500e+02	2.062699e-13	3.171391e+01
8.572500e+02	4.194375e-13	3.094333e+01
8.699500e+02	5.901189e-13	3.057265e+01
8.826500e+02	8.097360e-13	3.022914e+01
8.953500e+02	1.247654e-12	2.975976e+01
9.093200e+02	2.062220e-12	2.921416e+01
9.220200e+02	2.742308e-12	2.890471e+01
9.334500e+02	3.394521e-12	2.867305e+01
9.461500e+02	4.040818e-12	2.848383e+01
9.588500e+02	3.738854e-12	2.856815e+01
9.715500e+02	8.514769e-12	2.767457e+01
9.842500e+02	8.927637e-12	2.762316e+01
9.969500e+02	1.948118e-12	2.927596e+01
1.009650e+03	1.465829e-11	2.708479e+01
1.022350e+03	1.717046e-11	2.691305e+01
1.035050e+03	1.925753e-11	2.678850e+01
1.047750e+03	2.415105e-11	2.654266e+01
1.060450e+03	1.997647e-11	2.674870e+01
1.073150e+03	3.231215e-11	2.622659e+01
1.085850e+03	3.264069e-11	2.621560e+01
1.098550e+03	3.761427e-11	2.606162e+01
1.111250e+03	4.674526e-11	2.582566e+01
1.123950e+03	5.394798e-11	2.567006e+01
1.136650e+03	6.165228e-11	2.552513e+01
1.149350e+03	6.632919e-11	2.544574e+01
1.162050e+03	2.634249e-10	2.394836e+01
1.174750e+03	2.589150e-10	2.396711e+01
1.187450e+03	3.924679e-10	2.351549e+01
1.200150e+03	4.416582e-10	2.338728e+01
1.212850e+03	3.082736e-10	2.377766e+01
1.225550e+03	5.023365e-10	2.324751e+01
1.238250e+03	2.408233e-10	2.404575e+01
1.250950e+03	3.963958e-10	2.350468e+01
1.263650e+03	4.089474e-10	2.347083e+01
1.276350e+03	6.736107e-10	2.292898e+01
1.289050e+03	6.341127e-10	2.299458e+01
1.301750e+03	4.658495e-10	2.332939e+01
1.314450e+03	5.495209e-10	2.315004e+01
1.327150e+03	8.980080e-10	2.261680e+01
1.339850e+03	9.136544e-10	2.259805e+01
1.352550e+03	9.420508e-10	2.256481e+01
1.365250e+03	1.008763e-09	2.249053e+01
1.377950e+03	8.258678e-10	2.270772e+01
1.390650e+03	1.105825e-09	2.239078e+01
1.403350e+03	1.105159e-09	2.239144e+01
1.416050e+03	9.562732e-10	2.254855e+01
1.428750e+03	8.292978e-10	2.270322e+01
1.441450e+03	1.184308e-09	2.231634e+01
1.454150e+03	1.013256e-09	2.248570e+01
1.466850e+03	1.235943e-09	2.227000e+01
1.479550e+03	1.328242e-09	2.219181e+01
1.492250e+03	8.382890e-10	2.269152e+01
1.504950e+03	1.217421e-09	2.228640e+01
1.517650e+03	1.321534e-09	2.219730e+01
1.530350e+03	1.245393e-09	2.226173e+01
1.543050e+03	8.670484e-10	2.265489e+01
1.555750e+03	1.172590e-09	2.232713e+01
1.568450e+03	1.316059e-09	2.220181e+01
1.581150e+03	1.721681e-09	2.191012e+01
1.593850e+03	1.680293e-09	2.193654e+01
1.606550e+03	1.646404e-09	2.195866e+01
1.619250e+03	1.863452e-09	2.182420e+01
1.631950e+03	1.909202e-09	2.179787e+01
1.644650e+03	1.681765e-09	2.193559e+01
1.657350e+03	1.825665e-09	2.184645e+01
1.670050e+03	1.939546e-09	2.178075e+01
1.682750e+03	1.844858e-09	2.183509e+01
1.695450e+03	1.802993e-09	2.186001e+01
1.708150e+03	2.130948e-09	2.167857e+01
1.720850e+03	1.944478e-09	2.177799e+01
1.733550e+03	1.914755e-09	2.179472e+01
1.746250e+03	1.978947e-09	2.175891e+01
1.758950e+03	1.989400e-09	2.175319e+01
1.771650e+03	2.211084e-09	2.163849e+01
1.784350e+03	2.340735e-09	2.157662e+01
1.797050e+03	2.135686e-09	2.167616e+01
1.809750e+03	2.063953e-09	2.171325e+01
1.822450e+03	2.185519e-09	2.165111e+01
1.831340e+03	2.288784e-09	2.160099e+01
1.837690e+03	2.360817e-09	2.156734e+01
1.847850e+03	2.248793e-09	2.162013e+01
1.860550e+03	2.225859e-09	2.163126e+01
1.873250e+03	2.333834e-09	2.157982e+01
1.885950e+03	2.318720e-09	2.158688e+01
1.898650e+03	2.439506e-09	2.153175e+01
1.911350e+03	2.247311e-09	2.162084e+01
1.920240e+03	2.109565e-09	2.168952e+01
1.926590e+03	2.302742e-09	2.159439e+01
1.936750e+03	2.180654e-09	2.165353e+01
1.949450e+03	2.083015e-09	2.170327e+01
1.962150e+03	1.495155e-09	2.206328e+01
1.974850e+03	2.589982e-09	2.146676e+01
1.987550e+03	2.184252e-09	2.165174e+01
2.000250e+03	2.114142e-09	2.168716e+01
2.012950e+03	2.266011e-09	2.161184e+01
2.025650e+03	2.486427e-09	2.151106e+01
2.038350e+03	2.578088e-09	2.147176e+01
2.051050e+03	2.586371e-09	2.146827e+01
2.063750e+03	2.558586e-09	2.148000e+01
2.076450e+03	2.435315e-09	2.153361e+01
2.089150e+03	2.581052e-09	2.147051e+01
2.101850e+03	2.601194e-09	2.146207e+01
2.114550e+03	2.537369e-09	2.148904e+01
2.123440e+03	2.346500e-09	2.157395e+01
2.129790e+03	2.585798e-09	2.146851e+01
2.139950e+03	2.925940e-09	2.133434e+01
2.152650e+03	2.704741e-09	2.141969e+01
2.165350e+03	2.767727e-09	2.139469e+01
2.178050e+03	2.606938e-09	2.145967e+01
2.190750e+03	2.501208e-09	2.150463e+01
2.203450e+03	2.887942e-09	2.134853e+01
2.216150e+03	2.665955e-09	2.143537e+01
2.228850e+03	3.049249e-09	2.128952e+01
2.241550e+03	2.897637e-09	2.134489e+01
2.254250e+03	2.775425e-09	2.139168e+01
2.266950e+03	2.934288e-09	2.133124e+01
2.279650e+03	3.177401e-09	2.124482e+01
2.292350e+03	3.037483e-09	2.129372e+01
2.305050e+03	3.048878e-09	2.128965e+01
2.317750e+03	3.007665e-09	2.130443e+01
2.330450e+03	3.068728e-09	2.128260e+01
2.343150e+03	2.885394e-09	2.134949e+01
2.355850e+03	2.922588e-09	2.133558e+01
2.368550e+03	2.986044e-09	2.131226e+01
2.381250e+03	3.192168e-09	2.123979e+01
2.393950e+03	2.862014e-09	2.135832e+01
2.406650e+03	2.808323e-09	2.137888e+01
2.419350e+03	3.198483e-09	2.123764e+01
2.432050e+03	3.058135e-09	2.128636e+01
2.444750e+03	3.072880e-09	2.128114e+01
2.457450e+03	3.214084e-09	2.123236e+01
2.470150e+03	3.342411e-09	2.118985e+01
2.482850e+03	3.015532e-09	2.130159e+01
2.498090e+03	3.433690e-09	2.116060e+01
2.509520e+03	3.435191e-09	2.116012e+01
2.519680e+03	3.328272e-09	2.119445e+01
2.533650e+03	3.345153e-09	2.118896e+01
2.546350e+03	3.314156e-09	2.119907e+01
2.559050e+03	3.399063e-09	2.117160e+01
2.571750e+03	3.466390e-09	2.115031e+01
2.584450e+03	3.240617e-09	2.122343e+01
2.597150e+03	3.454417e-09	2.115406e+01
2.609850e+03	3.493555e-09	2.114183e+01
2.622550e+03	3.482104e-09	2.114540e+01
2.633980e+03	3.695274e-09	2.108088e+01
2.639060e+03	3.448742e-09	2.115585e+01
2.647950e+03	3.463507e-09	2.115121e+01
2.660650e+03	3.560187e-09	2.112132e+01
2.673350e+03	3.637826e-09	2.109790e+01
2.686050e+03	3.549694e-09	2.112452e+01
2.698750e+03	3.753768e-09	2.106383e+01
2.711450e+03	3.598355e-09	2.110974e+01
2.724150e+03	3.704493e-09	2.107818e+01
2.736850e+03	3.788676e-09	2.105378e+01
2.749550e+03	3.732099e-09	2.107012e+01
2.762250e+03	3.736083e-09	2.106896e+01
2.774950e+03	3.746031e-09	2.106607e+01
2.787650e+03	3.882798e-09	2.102714e+01
2.800350e+03	3.833486e-09	2.104102e+01
2.813050e+03	3.738941e-09	2.106813e+01
2.825750e+03	3.703350e-09	2.107851e+01
2.838450e+03	3.898498e-09	2.102276e+01
2.851150e+03	3.798887e-09	2.105086e+01
2.863850e+03	3.742735e-09	2.106703e+01
2.876550e+03	3.797756e-09	2.105118e+01
2.889250e+03	3.895863e-09	2.102349e+01
2.901950e+03	3.984142e-09	2.099916e+01
2.914650e+03	3.856912e-09	2.103440e+01
2.927350e+03	3.912923e-09	2.101875e+01
2.940050e+03	3.848095e-09	2.103689e+01
2.952750e+03	3.410711e-09	2.116789e+01
2.965450e+03	3.746875e-09	2.106583e+01
2.978150e+03	3.655053e-09	2.109277e+01
2.990850e+03	3.892760e-09	2.102436e+01
3.003550e+03	3.704299e-09	2.107823e+01
3.016250e+03	3.820584e-09	2.104468e+01
3.028950e+03	3.633753e-09	2.109911e+01
3.041650e+03	3.809474e-09	2.104784e+01
3.054350e+03	3.745003e-09	2.106637e+01
3.067050e+03	3.811944e-09	2.104713e+01
3.079750e+03	3.986869e-09	2.099842e+01
3.092450e+03	3.911469e-09	2.101915e+01
3.105150e+03	4.070767e-09	2.097581e+01
3.117850e+03	4.049619e-09	2.098146e+01
3.130550e+03	4.061019e-09	2.097841e+01
3.143250e+03	3.987249e-09	2.099832e+01
3.155950e+03	4.085882e-09	2.097179e+01
3.168650e+03	3.987537e-09	2.099824e+01
3.181350e+03	4.269748e-09	2.092399e+01
3.191510e+03	4.011997e-09	2.099160e+01
3.197860e+03	4.056050e-09	2.097974e+01
3.206750e+03	3.953151e-09	2.100764e+01
3.219450e+03	3.990716e-09	2.099737e+01
3.232150e+03	3.997241e-09	2.099560e+01
3.244850e+03	4.195610e-09	2.094301e+01
3.257550e+03	4.168099e-09	2.095015e+01
3.270250e+03	4.346358e-09	2.090469e+01
3.282950e+03	4.355865e-09	2.090231e+01
3.295650e+03	4.342506e-09	2.090565e+01
3.308350e+03	4.266750e-09	2.092476e+01
3.321050e+03	4.251840e-09	2.092856e+01
3.333750e+03	4.422702e-09	2.088578e+01
3.346450e+03	4.511337e-09	2.086424e+01
3.359150e+03	4.811010e-09	2.079441e+01
3.371850e+03	4.880727e-09	2.077879e+01
3.384550e+03	4.641858e-09	2.083327e+01
3.397250e+03	4.796861e-09	2.079761e+01
3.409950e+03	4.832902e-09	2.078948e+01
3.422650e+03	4.701951e-09	2.081930e+01
3.435350e+03	4.814245e-09	2.079368e+01
3.448050e+03	4.677707e-09	2.082492e+01
3.460750e+03	4.699890e-09	2.081978e+01
3.473450e+03	4.894848e-09	2.077565e+01
3.486150e+03	4.490579e-09	2.086924e+01
3.498850e+03	4.587694e-09	2.084601e+01
3.511550e+03	4.734250e-09	2.081187e+01
3.524250e+03	4.910877e-09	2.077210e+01
3.536950e+03	4.764890e-09	2.080487e+01
3.549650e+03	4.072336e-09	2.097539e+01
3.562350e+03	4.309642e-09	2.091390e+01
3.575050e+03	5.023973e-09	2.074738e+01
3.587750e+03	5.184159e-09	2.071330e+01
3.600450e+03	5.096455e-09	2.073183e+01
3.613150e+03	5.022968e-09	2.074760e+01
3.625850e+03	4.943007e-09	2.076502e+01
3.638550e+03	5.242092e-09	2.070124e+01
3.651250e+03	5.261308e-09	2.069727e+01
3.663950e+03	5.308563e-09	2.068756e+01
3.676650e+03	5.301032e-09	2.068910e+01
3.695700e+03	5.646946e-09	2.062047e+01
3.721100e+03	5.569278e-09	2.063550e+01
3.746500e+03	5.580559e-09	2.063331e+01
3.771900e+03	5.697793e-09	2.061073e+01
3.797300e+03	5.783107e-09	2.059460e+01
3.822700e+03	5.889050e-09	2.057489e+01
3.848100e+03	5.954552e-09	2.056288e+01
3.873500e+03	6.022453e-09	2.055057e+01
3.898900e+03	6.094789e-09	2.053760e+01
3.924300e+03	6.191692e-09	2.052048e+01
3.949700e+03	6.236027e-09	2.051273e+01
3.975100e+03	6.252685e-09	2.050983e+01
4.000500e+03	6.351644e-09	2.049278e+01
4.025900e+03	6.431111e-09	2.047928e+01
4.051300e+03	6.291300e-09	2.050315e+01
4.076700e+03	6.503486e-09	2.046713e+01
4.102100e+03	6.402735e-09	2.048409e+01
4.127500e+03	6.693870e-09	2.043581e+01
4.152900e+03	6.902352e-09	2.040251e+01
4.178300e+03	6.959356e-09	2.039358e+01
4.203700e+03	7.028829e-09	2.038279e+01
4.229100e+03	7.062826e-09	2.037755e+01
4.254500e+03	7.061843e-09	2.037770e+01
4.279900e+03	6.958772e-09	2.039367e+01
4.305300e+03	7.087116e-09	2.037383e+01
4.330700e+03	7.212137e-09	2.035484e+01
4.356100e+03	7.319907e-09	2.033874e+01
4.381500e+03	7.432548e-09	2.032216e+01
4.406900e+03	7.497981e-09	2.031264e+01
4.432300e+03	7.648590e-09	2.029105e+01
4.457700e+03	7.828209e-09	2.026584e+01
4.483100e+03	7.790794e-09	2.027105e+01
4.508500e+03	8.042747e-09	2.023649e+01
4.533900e+03	7.721920e-09	2.028069e+01
4.559300e+03	7.781131e-09	2.027239e+01
4.584700e+03	8.060963e-09	2.023403e+01
4.610100e+03	8.188807e-09	2.021695e+01
4.622800e+03	8.252540e-09	2.020853e+01
4.635500e+03	8.752667e-09	2.014465e+01
4.660900e+03	8.704801e-09	2.015060e+01
4.686300e+03	8.484418e-09	2.017844e+01
4.711700e+03	9.402179e-09	2.006693e+01
4.737100e+03	9.269740e-09	2.008233e+01
4.762500e+03	1.088516e-08	1.990791e+01
4.787900e+03	1.152772e-08	1.984564e+01
4.813300e+03	1.308747e-08	1.970786e+01
4.838700e+03	1.454058e-08	1.959355e+01
4.864100e+03	1.208934e-08	1.979399e+01
4.889500e+03	1.549912e-08	1.952423e+01
4.914900e+03	1.687185e-08	1.943209e+01
4.940300e+03	1.231929e-08	1.977354e+01
4.965700e+03	1.774316e-08	1.937742e+01
4.991100e+03	1.557274e-08	1.951909e+01
5.016500e+03	1.754592e-08	1.938956e+01
5.041900e+03	1.164607e-08	1.983455e+01
5.067300e+03	1.867270e-08	1.932198e+01
5.092700e+03	2.046504e-08	1.922247e+01
5.118100e+03	2.066649e-08	1.921183e+01
5.143500e+03	2.076406e-08	1.920672e+01
5.168900e+03	2.024203e-08	1.923436e+01
5.194300e+03	1.826371e-08	1.934603e+01
5.219700e+03	1.568302e-08	1.951143e+01
5.245100e+03	2.057119e-08	1.921685e+01
5.270500e+03	2.150100e-08	1.916885e+01
5.295900e+03	2.174441e-08	1.915663e+01
5.321300e+03	2.178562e-08	1.915458e+01
5.346700e+03	2.205348e-08	1.914131e+01
5.372100e+03	2.196468e-08	1.914569e+01
5.397500e+03	2.220066e-08	1.913409e+01
5.422900e+03	2.188464e-08	1.914965e+01
5.448300e+03	2.182676e-08	1.915253e+01
5.473700e+03	2.058723e-08	1.921601e+01
5.499100e+03	1.896568e-08	1.930508e+01
5.524500e+03	1.730460e-08	1.940460e+01
5.549900e+03	2.261421e-08	1.911405e+01
5.575300e+03	2.278992e-08	1.910564e+01
5.600700e+03	2.329629e-08	1.908178e+01
5.626100e+03	2.378262e-08	1.905935e+01
5.651500e+03	2.407661e-08	1.904601e+01
5.676900e+03	2.441428e-08	1.903089e+01
5.702300e+03	2.462469e-08	1.902157e+01
5.727700e+03	2.567800e-08	1.897610e+01
5.753100e+03	2.493013e-08	1.900819e+01
5.778500e+03	2.510580e-08	1.900056e+01
5.803900e+03	2.601379e-08	1.896199e+01
5.829300e+03	2.557232e-08	1.898057e+01
5.854700e+03	2.613044e-08	1.895713e+01
5.880100e+03	2.589794e-08	1.896684e+01
5.905500e+03	2.627159e-08	1.895128e+01
5.930900e+03	2.662352e-08	1.893684e+01
5.956300e+03	2.642898e-08	1.894480e+01
5.981700e+03	2.602969e-08	1.896133e+01
6.007100e+03	2.690665e-08	1.892535e+01
6.032500e+03	2.728103e-08	1.891035e+01
6.057900e+03	2.739501e-08	1.890582e+01
6.083300e+03	2.741670e-08	1.890496e+01
6.108700e+03	2.726746e-08	1.891089e+01
6.134100e+03	2.700694e-08	1.892131e+01
6.159500e+03	2.374403e-08	1.906111e+01
6.184900e+03	2.082682e-08	1.920344e+01
6.210300e+03	2.668858e-08	1.893419e+01
6.235700e+03	2.761063e-08	1.889731e+01
6.261100e+03	2.757190e-08	1.889883e+01
6.286500e+03	2.839143e-08	1.886703e+01
6.311900e+03	2.858339e-08	1.885972e+01
6.337300e+03	2.790895e-08	1.888564e+01
6.362700e+03	2.741266e-08	1.890512e+01
6.388100e+03	2.829243e-08	1.887082e+01
6.413500e+03	2.829376e-08	1.887077e+01
6.438900e+03	2.901955e-08	1.884327e+01
6.464300e+03	2.864063e-08	1.885754e+01
6.489700e+03	2.894856e-08	1.884593e+01
6.515100e+03	2.870801e-08	1.885499e+01
6.540500e+03	2.844372e-08	1.886503e+01
6.565900e+03	2.800381e-08	1.888196e+01
6.591300e+03	2.838524e-08	1.886727e+01
6.616700e+03	2.899837e-08	1.884407e+01
6.642100e+03	2.935431e-08	1.883082e+01
6.667500e+03	2.998437e-08	1.880776e+01
6.692900e+03	2.873422e-08	1.885400e+01
6.718300e+03	3.029320e-08	1.879664e+01
6.743700e+03	3.081041e-08	1.877826e+01
6.769100e+03	2.981656e-08	1.881386e+01
6.794500e+03	3.095887e-08	1.877304e+01
6.819900e+03	3.099519e-08	1.877176e+01
6.845300e+03	3.089538e-08	1.877527e+01
6.870700e+03	3.072135e-08	1.878140e+01
6.896100e+03	3.110504e-08	1.876792e+01
6.921500e+03	3.173058e-08	1.874630e+01
6.946900e+03	3.153321e-08	1.875308e+01
6.972300e+03	3.171941e-08	1.874669e+01
6.997700e+03	3.178438e-08	1.874447e+01
7.023100e+03	3.210807e-08	1.873346e+01
7.048500e+03	3.249629e-08	1.872042e+01
7.073900e+03	3.233457e-08	1.872583e+01
7.099300e+03	3.223645e-08	1.872913e+01
7.124700e+03	3.283061e-08	1.870930e+01
7.150100e+03	3.291542e-08	1.870650e+01
7.175500e+03	3.313485e-08	1.869929e+01
7.200900e+03	3.298739e-08	1.870413e+01
7.226300e+03	3.355756e-08	1.868552e+01
7.251700e+03	3.333028e-08	1.869290e+01
7.277100e+03	3.445388e-08	1.865690e+01
7.302500e+03	3.409981e-08	1.866812e+01
7.327900e+03	3.445594e-08	1.865684e+01
7.353300e+03	3.415987e-08	1.866621e+01
7.378700e+03	3.477853e-08	1.864672e+01
7.404100e+03	3.526559e-08	1.863162e+01
7.429500e+03	3.500667e-08	1.863962e+01
7.454900e+03	3.510149e-08	1.863669e+01
7.480300e+03	3.414106e-08	1.866681e+01
7.505700e+03	3.527238e-08	1.863141e+01
7.531100e+03	3.550931e-08	1.862414e+01
7.556500e+03	3.570376e-08	1.861822e+01
7.581900e+03	3.608367e-08	1.860672e+01
7.607300e+03	3.600102e-08	1.860921e+01
7.632700e+03	3.592233e-08	1.861159e+01
7.658100e+03	3.638755e-08	1.859762e+01
7.683500e+03	3.688438e-08	1.858289e+01
7.708900e+03	3.703499e-08	1.857847e+01
7.734300e+03	3.671245e-08	1.858797e+01
7.759700e+03	3.687685e-08	1.858312e+01
7.785100e+03	3.633436e-08	1.859921e+01
7.810500e+03	3.670217e-08	1.858827e+01
7.835900e+03	3.644915e-08	1.859578e+01
7.861300e+03	3.739169e-08	1.856806e+01
7.886700e+03	3.749978e-08	1.856493e+01
7.912100e+03	3.714692e-08	1.857519e+01
7.937500e+03	3.663549e-08	1.859024e+01
7.962900e+03	3.778515e-08	1.855670e+01
7.988300e+03	3.816185e-08	1.854593e+01
8.013700e+03	3.767429e-08	1.855989e+01
8.039100e+03	3.815148e-08	1.854622e+01
8.064500e+03	3.826419e-08	1.854302e+01
8.089900e+03	3.841229e-08	1.853882e+01
8.115300e+03	3.889509e-08	1.852526e+01
8.140700e+03	3.867639e-08	1.853139e+01
8.166100e+03	3.903752e-08	1.852129e+01
8.191500e+03	3.907911e-08	1.852014e+01
8.216900e+03	3.927443e-08	1.851473e+01
8.242300e+03	3.893710e-08	1.852409e+01
8.267700e+03	3.956520e-08	1.850672e+01
8.293100e+03	3.944472e-08	1.851003e+01
8.318500e+03	3.722694e-08	1.857286e+01
8.343900e+03	3.310525e-08	1.870026e+01
8.369300e+03	3.920081e-08	1.851676e+01
8.394700e+03	4.041237e-08	1.848371e+01
8.420100e+03	4.070201e-08	1.847596e+01
8.445500e+03	4.087626e-08	1.847132e+01
8.470900e+03	4.074832e-08	1.847473e+01
8.496300e+03	4.139930e-08	1.845752e+01
8.521700e+03	4.102007e-08	1.846751e+01
8.547100e+03	4.163389e-08	1.845138e+01
8.572500e+03	4.153887e-08	1.845386e+01
8.597900e+03	4.190037e-08	1.844446e+01
8.623300e+03	4.194201e-08	1.844338e+01
8.648700e+03	4.209839e-08	1.843934e+01
8.674100e+03	4.244309e-08	1.843048e+01
8.699500e+03	4.218388e-08	1.843713e+01
8.724900e+03	4.269903e-08	1.842395e+01
8.750300e+03	4.314239e-08	1.841274e+01
8.775700e+03	4.315625e-08	1.841239e+01
8.801100e+03	4.315570e-08	1.841240e+01
8.826500e+03	4.315129e-08	1.841252e+01
8.851900e+03	4.349713e-08	1.840385e+01
8.877300e+03	4.361183e-08	1.840099e+01
8.902700e+03	4.322958e-08	1.841055e+01
8.928100e+03	4.386545e-08	1.839469e+01
8.953500e+03	4.412758e-08	1.838822e+01
8.978900e+03	4.374793e-08	1.839761e+01
9.004300e+03	4.365776e-08	1.839985e+01
9.029700e+03	4.340900e-08	1.840605e+01
9.055100e+03	4.332829e-08	1.840807e+01
9.080500e+03	4.352365e-08	1.840319e+01
9.105900e+03	4.391991e-08	1.839335e+01
9.131300e+03	4.357066e-08	1.840201e+01
9.156700e+03	4.430420e-08	1.838389e+01
9.182100e+03	4.474119e-08	1.837323e+01
9.207500e+03	4.503572e-08	1.836611e+01
9.232900e+03	4.524293e-08	1.836112e+01
9.258300e+03	4.489576e-08	1.836949e+01
9.283700e+03	4.553600e-08	1.835411e+01
9.309100e+03	4.582370e-08	1.834727e+01
9.334500e+03	4.610371e-08	1.834066e+01
9.359900e+03	4.669073e-08	1.832692e+01
9.385300e+03	4.641894e-08	1.833326e+01
9.410700e+03	4.617106e-08	1.833908e+01
9.436100e+03	4.673620e-08	1.832587e+01
9.461500e+03	4.698629e-08	1.832007e+01
9.486900e+03	4.724781e-08	1.831405e+01
9.512300e+03	4.734309e-08	1.831186e+01
9.537700e+03	4.772635e-08	1.830310e+01
9.563100e+03	4.810187e-08	1.829460e+01
9.588500e+03	4.849711e-08	1.828571e+01
9.613900e+03	4.850203e-08	1.828560e+01
9.639300e+03	4.847708e-08	1.828616e+01
9.664700e+03	4.844604e-08	1.828685e+01
9.690100e+03	4.851976e-08	1.828520e+01
9.715500e+03	4.858274e-08	1.828379e+01
9.740900e+03	4.785906e-08	1.830009e+01
9.766300e+03	4.864856e-08	1.828232e+01
9.791700e+03	4.834790e-08	1.828906e+01
9.817100e+03	4.873965e-08	1.828029e+01
9.842500e+03	4.872860e-08	1.828054e+01
9.867900e+03	4.908300e-08	1.827267e+01
9.893300e+03	4.966330e-08	1.825991e+01
9.918700e+03	4.984914e-08	1.825586e+01
9.944100e+03	4.976935e-08	1.825760e+01
9.969500e+03	4.965916e-08	1.826000e+01
9.994900e+03	4.991584e-08	1.825440e+01
1.002030e+04	4.948961e-08	1.826371e+01
1.004570e+04	4.902638e-08	1.827393e+01
1.007110e+04	4.902759e-08	1.827390e+01
1.009650e+04	4.901579e-08	1.827416e+01
1.012190e+04	5.008994e-08	1.825062e+01
1.014730e+04	5.021084e-08	1.824801e+01
1.017270e+04	5.071679e-08	1.823712e+01
1.019810e+04	5.099287e-08	1.823123e+01
1.022350e+04	5.097067e-08	1.823170e+01
1.024890e+04	5.109856e-08	1.822898e+01
1.027430e+04	5.081957e-08	1.823492e+01
1.029970e+04	5.113384e-08	1.822823e+01
1.032510e+04	5.153078e-08	1.821983e+01
1.035050e+04	5.167553e-08	1.821679e+01
1.037590e+04	5.189674e-08	1.821215e+01
1.040130e+04	5.140549e-08	1.822248e+01
1.042670e+04	5.176496e-08	1.821491e+01
1.045210e+04	5.207265e-08	1.820848e+01
1.047750e+04	5.246225e-08	1.820038e+01
1.050290e+04	5.288217e-08	1.819173e+01
1.052830e+04	5.270613e-08	1.819535e+01
1.055370e+04	5.216333e-08	1.820659e+01
1.057910e+04	5.207465e-08	1.820843e+01
1.060450e+04	5.250860e-08	1.819942e+01
1.062990e+04	5.266078e-08	1.819628e+01
1.065530e+04	5.209361e-08	1.820804e+01
1.068070e+04	5.287693e-08	1.819183e+01
1.070610e+04	5.250365e-08	1.819953e+01
1.073150e+04	5.274587e-08	1.819453e+01
1.075690e+04	5.217762e-08	1.820629e+01
1.078230e+04	5.332291e-08	1.818272e+01
1.080770e+04	5.091617e-08	1.823286e+01
1.083310e+04	5.382386e-08	1.817256e+01
1.085850e+04	4.939440e-08	1.826581e+01
1.088390e+04	5.524560e-08	1.814426e+01
1.090930e+04	5.355856e-08	1.817793e+01
1.093470e+04	5.336340e-08	1.818189e+01
1.096010e+04	5.621831e-08	1.812531e+01
1.098550e+04	5.557653e-08	1.813777e+01
1.101090e+04	4.998142e-08	1.825298e+01
1.103630e+04	5.549172e-08	1.813943e+01
1.106170e+04	5.704374e-08	1.810948e+01
1.108710e+04	5.658844e-08	1.811818e+01
1.111250e+04	5.269039e-08	1.819567e+01
1.113790e+04	5.642294e-08	1.812136e+01
1.116330e+04	5.792660e-08	1.809280e+01
1.118870e+04	5.777869e-08	1.809558e+01
1.121410e+04	5.780741e-08	1.809504e+01
1.123950e+04	5.634942e-08	1.812278e+01
1.126490e+04	5.322466e-08	1.818472e+01
1.129030e+04	5.789352e-08	1.809343e+01
1.131570e+04	5.917677e-08	1.806962e+01
1.134110e+04	5.910636e-08	1.807091e+01
1.136650e+04	5.931405e-08	1.806711e+01
1.139190e+04	5.934756e-08	1.806649e+01
1.141730e+04	5.882283e-08	1.807614e+01
1.144270e+04	5.431238e-08	1.816275e+01
1.146810e+04	5.702976e-08	1.810975e+01
1.149350e+04	6.008145e-08	1.805315e+01
1.151890e+04	6.021484e-08	1.805074e+01
1.154430e+04	5.955122e-08	1.806277e+01
1.156970e+04	6.025452e-08	1.805003e+01
1.159510e+04	6.071631e-08	1.804174e+01
1.162050e+04	6.045257e-08	1.804646e+01
1.164590e+04	6.005711e-08	1.805359e+01
1.167130e+04	5.977201e-08	1.805876e+01
1.169670e+04	5.801089e-08	1.809123e+01
1.172210e+04	5.418124e-08	1.816538e+01
1.174750e+04	5.790989e-08	1.809312e+01
1.177290e+04	5.961211e-08	1.806166e+01
1.179830e+04	6.040162e-08	1.804738e+01
1.182370e+04	6.086504e-08	1.803908e+01
1.184910e+04	6.088218e-08	1.803877e+01
1.187450e+04	6.077116e-08	1.804076e+01
1.189990e+04	6.040372e-08	1.804734e+01
1.192530e+04	6.068181e-08	1.804235e+01
1.195070e+04	5.978929e-08	1.805844e+01
1.197610e+04	6.087225e-08	1.803895e+01
1.200150e+04	6.050903e-08	1.804545e+01
1.202690e+04	6.102570e-08	1.803622e+01
1.205230e+04	6.125673e-08	1.803212e+01
1.207770e+04	6.093795e-08	1.803778e+01
1.210310e+04	5.977591e-08	1.805868e+01
1.212850e+04	5.588403e-08	1.813178e+01
1.215390e+04	6.007538e-08	1.805326e+01
1.217930e+04	6.169368e-08	1.802440e+01
1.220470e+04	6.169343e-08	1.802440e+01
1.223010e+04	6.175708e-08	1.802328e+01
1.225550e+04	6.175243e-08	1.802336e+01
1.228090e+04	6.160513e-08	1.802596e+01
1.230630e+04	6.207128e-08	1.801777e+01
1.233170e+04	6.212986e-08	1.801675e+01
1.235710e+04	6.223819e-08	1.801486e+01
1.238250e+04	6.224526e-08	1.801473e+01
1.240790e+04	6.262235e-08	1.800818e+01
1.243330e+04	6.248096e-08	1.801063e+01
1.245870e+04	6.331226e-08	1.799628e+01
1.248410e+04	6.336788e-08	1.799533e+01
1.250950e+04	6.356766e-08	1.799191e+01
1.253490e+04	6.355241e-08	1.799217e+01
1.256030e+04	6.360588e-08	1.799126e+01
1.258570e+04	6.368395e-08	1.798992e+01
1.261110e+04	6.398740e-08	1.798476e+01
1.263650e+04	6.411036e-08	1.798268e+01
1.266190e+04	6.415932e-08	1.798185e+01
1.268730e+04	6.426233e-08	1.798011e+01
1.273175e+04	6.274321e-08	1.800608e+01
1.279525e+04	6.188540e-08	1.802103e+01
1.285875e+04	6.462106e-08	1.797406e+01
1.292225e+04	6.471852e-08	1.797243e+01
1.298575e+04	6.531766e-08	1.796242e+01
1.304925e+04	6.607515e-08	1.794990e+01
1.311275e+04	6.582226e-08	1.795407e+01
1.317625e+04	6.639737e-08	1.794462e+01
1.323975e+04	6.680027e-08	1.793805e+01
1.330325e+04	6.659811e-08	1.794135e+01
1.336675e+04	6.704197e-08	1.793413e+01
1.343025e+04	6.735249e-08	1.792912e+01
1.349375e+04	6.771199e-08	1.792334e+01
1.355725e+04	6.710924e-08	1.793304e+01
1.362075e+04	6.760776e-08	1.792501e+01
1.368425e+04	6.757687e-08	1.792550e+01
1.374775e+04	6.732180e-08	1.792961e+01
1.381125e+04	6.654875e-08	1.794215e+01
1.387475e+04	6.356048e-08	1.799203e+01
1.393825e+04	6.430702e-08	1.797935e+01
1.400175e+04	6.540402e-08	1.796099e+01
1.406525e+04	6.604483e-08	1.795040e+01
1.412875e+04	6.646398e-08	1.794353e+01
1.419225e+04	6.660280e-08	1.794127e+01
1.425575e+04	6.713262e-08	1.793267e+01
1.431925e+04	6.674453e-08	1.793896e+01
1.438275e+04	6.714955e-08	1.793239e+01
1.444625e+04	6.745071e-08	1.792753e+01
1.450975e+04	6.745827e-08	1.792741e+01
1.457325e+04	6.859282e-08	1.790930e+01
1.463675e+04	6.850445e-08	1.791070e+01
1.470025e+04	6.863610e-08	1.790862e+01
1.476375e+04	6.821284e-08	1.791533e+01
1.482725e+04	6.850826e-08	1.791064e+01
1.489075e+04	6.937847e-08	1.789694e+01
1.495425e+04	6.837322e-08	1.791278e+01
1.501775e+04	6.877933e-08	1.790636e+01
1.508125e+04	6.904137e-08	1.790223e+01
1.514475e+04	7.014190e-08	1.788506e+01
1.520825e+04	6.868346e-08	1.790787e+01
1.527175e+04	6.958051e-08	1.789378e+01
1.533525e+04	6.942912e-08	1.789615e+01
1.539875e+04	7.029932e-08	1.788262e+01
1.546225e+04	7.104028e-08	1.787124e+01
1.552575e+04	7.112779e-08	1.786990e+01
1.558925e+04	7.100100e-08	1.787184e+01
1.565275e+04	7.151616e-08	1.786399e+01
1.571625e+04	7.176098e-08	1.786028e+01
1.577975e+04	7.153146e-08	1.786376e+01
1.584325e+04	7.212360e-08	1.785481e+01
1.590675e+04	7.228897e-08	1.785232e+01
1.597025e+04	7.263146e-08	1.784719e+01
1.603375e+04	7.296669e-08	1.784219e+01
1.609725e+04	7.300054e-08	1.784168e+01
1.616075e+04	7.382983e-08	1.782942e+01
1.622425e+04	7.395734e-08	1.782755e+01
1.628775e+04	7.056512e-08	1.787852e+01
1.635125e+04	7.367789e-08	1.783166e+01
1.641475e+04	7.423084e-08	1.782354e+01
1.647825e+04	7.515152e-08	1.781016e+01
1.654175e+04	7.532709e-08	1.780762e+01
1.660525e+04	7.585603e-08	1.780002e+01
1.666875e+04	7.533980e-08	1.780744e+01
1.673225e+04	7.558659e-08	1.780389e+01
1.679575e+04	7.596910e-08	1.779841e+01
1.685925e+04	7.540623e-08	1.780648e+01
1.692275e+04	7.561626e-08	1.780346e+01
1.698625e+04	7.494501e-08	1.781314e+01
1.704975e+04	7.569342e-08	1.780235e+01
1.711325e+04	7.585092e-08	1.780010e+01
1.717675e+04	7.582616e-08	1.780045e+01
1.724025e+04	7.562255e-08	1.780337e+01
1.730375e+04	7.599130e-08	1.779809e+01
1.736725e+04	7.640685e-08	1.779217e+01
1.743075e+04	7.676121e-08	1.778715e+01
1.749425e+04	7.700894e-08	1.778365e+01
1.755775e+04	7.752908e-08	1.777634e+01
1.762125e+04	7.742131e-08	1.777785e+01
1.768475e+04	7.742831e-08	1.777775e+01
1.774825e+04	7.688464e-08	1.778540e+01
1.781175e+04	7.567467e-08	1.780262e+01
1.787525e+04	7.433112e-08	1.782207e+01
1.793875e+04	7.322032e-08	1.783842e+01
1.800225e+04	7.395297e-08	1.782761e+01
1.806575e+04	7.398338e-08	1.782716e+01
1.812925e+04	7.422547e-08	1.782362e+01
1.819275e+04	7.544642e-08	1.780590e+01
1.825625e+04	7.641312e-08	1.779208e+01
1.831975e+04	7.523929e-08	1.780889e+01
1.838325e+04	7.633801e-08	1.779315e+01
1.844675e+04	7.579600e-08	1.780088e+01
1.850390e+04	7.549040e-08	1.780527e+01
1.856740e+04	7.471579e-08	1.781647e+01
1.863725e+04	7.618139e-08	1.779538e+01
1.870075e+04	7.685032e-08	1.778589e+01
1.876425e+04	7.697206e-08	1.778417e+01
1.882775e+04	7.795328e-08	1.777041e+01
1.889125e+04	7.772343e-08	1.777362e+01
1.895475e+04	7.933260e-08	1.775137e+01
1.901825e+04	7.939960e-08	1.775045e+01
1.908175e+04	7.792122e-08	1.777086e+01
1.914525e+04	7.788634e-08	1.777135e+01
1.920875e+04	7.906641e-08	1.775502e+01
1.927225e+04	7.964632e-08	1.774709e+01
1.933575e+04	7.998602e-08	1.774246e+01
1.939925e+04	8.047892e-08	1.773579e+01
1.946275e+04	8.170459e-08	1.771938e+01
1.952625e+04	8.212945e-08	1.771375e+01
1.958975e+04	8.159665e-08	1.772082e+01
1.965325e+04	8.332962e-08	1.769800e+01
1.971675e+04	8.320466e-08	1.769963e+01
1.978025e+04	8.062178e-08	1.773387e+01
1.984375e+04	8.299584e-08	1.770236e+01
1.990725e+04	8.261448e-08	1.770736e+01
1.997075e+04	8.260385e-08	1.770750e+01
2.003425e+04	8.082259e-08	1.773117e+01
2.009775e+04	8.266229e-08	1.770673e+01
2.016125e+04	8.150913e-08	1.772198e+01
2.022475e+04	8.483776e-08	1.767853e+01
2.028825e+04	8.531144e-08	1.767248e+01
2.038350e+04	8.524064e-08	1.767338e+01
2.051050e+04	8.607600e-08	1.766279e+01
2.063750e+04	8.753268e-08	1.764457e+01
2.076450e+04	8.825957e-08	1.763560e+01
2.089150e+04	8.604351e-08	1.766320e+01
2.101850e+04	9.088618e-08	1.760376e+01
2.114550e+04	8.926900e-08	1.762325e+01
2.127250e+04	8.958752e-08	1.761938e+01
2.139950e+04	8.701922e-08	1.765096e+01
2.152650e+04	9.000946e-08	1.761428e+01
2.165350e+04	8.986528e-08	1.761602e+01
2.178050e+04	8.931617e-08	1.762267e+01
2.190750e+04	8.853172e-08	1.763225e+01
2.203450e+04	8.638872e-08	1.765886e+01
2.216150e+04	8.828936e-08	1.763523e+01
2.228850e+04	8.777798e-08	1.764154e+01
2.241550e+04	8.734658e-08	1.764689e+01
2.254250e+04	8.524382e-08	1.767334e+01
2.266950e+04	8.489190e-08	1.767783e+01
2.279650e+04	8.549921e-08	1.767009e+01
2.292350e+04	8.457655e-08	1.768188e+01
2.305050e+04	8.373831e-08	1.769269e+01
2.317750e+04	8.334467e-08	1.769781e+01
2.330450e+04	8.315855e-08	1.770023e+01
2.343150e+04	8.295509e-08	1.770289e+01
2.355850e+04	8.361823e-08	1.769425e+01
2.368550e+04	8.302409e-08	1.770199e+01
2.381250e+04	8.108030e-08	1.772771e+01
2.393950e+04	8.267709e-08	1.770654e+01
2.406650e+04	8.085941e-08	1.773067e+01
2.419350e+04	8.212533e-08	1.771381e+01
2.432050e+04	8.240087e-08	1.771017e+01
2.444750e+04	8.201250e-08	1.771530e+01
2.457450e+04	8.081292e-08	1.773130e+01
2.470150e+04	7.856509e-08	1.776193e+01
2.482850e+04	7.955904e-08	1.774828e+01
2.495550e+04	7.874236e-08	1.775948e+01
2.508250e+04	7.771518e-08	1.777374e+01
2.520950e+04	7.816146e-08	1.776752e+01
2.533650e+04	7.847533e-08	1.776317e+01
2.546350e+04	7.939434e-08	1.775053e+01
2.559050e+04	7.902742e-08	1.775556e+01
2.571750e+04	7.833682e-08	1.776509e+01
2.584450e+04	7.874076e-08	1.775950e+01
2.597150e+04	7.792783e-08	1.777077e+01
2.609850e+04	7.711666e-08	1.778213e+01
2.622550e+04	7.723672e-08	1.778044e+01
2.635250e+04	7.727393e-08	1.777992e+01
2.647950e+04	7.806742e-08	1.776883e+01
2.660650e+04	7.749972e-08	1.777675e+01
2.673350e+04	7.786137e-08	1.777169e+01
2.686050e+04	7.718823e-08	1.778112e+01
2.698750e+04	7.758056e-08	1.777562e+01
2.711450e+04	7.695418e-08	1.778442e+01
2.724150e+04	7.671254e-08	1.778783e+01
2.736850e+04	7.631733e-08	1.779344e+01
2.749550e+04	7.521904e-08	1.780918e+01
2.762250e+04	7.574576e-08	1.780160e+01
2.774950e+04	7.530994e-08	1.780787e+01
2.787650e+04	7.554655e-08	1.780446e+01
2.800350e+04	7.517996e-08	1.780974e+01
2.813050e+04	7.607775e-08	1.779686e+01
2.825750e+04	7.527104e-08	1.780843e+01
2.838450e+04	7.451148e-08	1.781944e+01
2.851150e+04	7.435358e-08	1.782175e+01
2.863850e+04	7.416385e-08	1.782452e+01
2.876550e+04	7.374159e-08	1.783072e+01
2.889250e+04	7.461111e-08	1.781799e+01
2.901950e+04	7.453577e-08	1.781909e+01
2.914650e+04	6.766338e-08	1.792412e+01
2.927350e+04	6.988018e-08	1.788911e+01
2.940050e+04	7.051412e-08	1.787931e+01
2.952750e+04	6.456476e-08	1.797501e+01
2.965450e+04	6.810859e-08	1.791700e+01
2.978150e+04	6.697567e-08	1.793521e+01
2.990850e+04	6.244506e-08	1.801125e+01
3.003550e+04	6.545905e-08	1.796008e+01
3.016250e+04	6.440976e-08	1.797762e+01
3.028950e+04	6.116613e-08	1.803372e+01
3.041650e+04	6.414685e-08	1.798206e+01
3.054350e+04	6.318234e-08	1.799851e+01
3.067050e+04	6.037559e-08	1.804785e+01
3.079750e+04	6.306503e-08	1.800053e+01
3.092450e+04	6.245904e-08	1.801101e+01
3.105150e+04	6.024399e-08	1.805022e+01
3.117850e+04	6.007104e-08	1.805334e+01
3.130550e+04	6.198375e-08	1.801931e+01
3.143250e+04	5.963618e-08	1.806123e+01
3.155950e+04	5.837019e-08	1.808452e+01
3.168650e+04	5.861056e-08	1.808006e+01
3.181350e+04	5.993050e-08	1.805588e+01
3.194050e+04	5.807316e-08	1.809006e+01
3.206750e+04	5.919955e-08	1.806920e+01
3.219450e+04	5.963289e-08	1.806129e+01
3.232150e+04	5.933315e-08	1.806676e+01
3.244850e+04	5.943891e-08	1.806482e+01
3.257550e+04	5.953385e-08	1.806309e+01
3.270250e+04	6.046854e-08	1.804618e+01
3.282950e+04	5.975717e-08	1.805902e+01
3.295650e+04	6.134884e-08	1.803048e+01
3.308350e+04	6.187379e-08	1.802123e+01
3.321050e+04	6.147204e-08	1.802831e+01
3.333750e+04	6.007193e-08	1.805332e+01
3.346450e+04	6.171133e-08	1.802409e+01
3.359150e+04	6.156453e-08	1.802667e+01
3.371850e+04	6.111090e-08	1.803470e+01
3.384550e+04	6.121837e-08	1.803280e+01
3.397250e+04	6.196931e-08	1.801956e+01
3.409950e+04	6.204294e-08	1.801827e+01
3.422650e+04	6.087353e-08	1.803893e+01
3.435350e+04	6.130572e-08	1.803125e+01
3.448050e+04	6.110915e-08	1.803473e+01
3.460750e+04	6.123568e-08	1.803249e+01
3.473450e+04	6.090217e-08	1.803842e+01
3.486150e+04	6.105564e-08	1.803569e+01
3.498850e+04	6.073917e-08	1.804133e+01
3.511550e+04	6.113071e-08	1.803435e+01
3.524250e+04	6.095283e-08	1.803752e+01
3.536950e+04	6.113909e-08	1.803420e+01
3.549650e+04	6.153179e-08	1.802725e+01
3.562350e+04	6.093514e-08	1.803783e+01
3.575050e+04	6.059655e-08	1.804388e+01
3.587750e+04	6.070238e-08	1.804199e+01
3.600450e+04	6.106042e-08	1.803560e+01
3.613150e+04	6.116567e-08	1.803373e+01
3.625850e+04	6.106895e-08	1.803545e+01
3.638550e+04	6.079737e-08	1.804029e+01
3.651250e+04	6.072348e-08	1.804161e+01
3.663950e+04	6.111487e-08	1.803463e+01
3.676650e+04	6.108948e-08	1.803508e+01
3.689350e+04	6.101496e-08	1.803641e+01
3.702050e+04	6.098750e-08	1.803690e+01
3.714750e+04	6.055802e-08	1.804457e+01
3.727450e+04	5.965497e-08	1.806088e+01
3.740150e+04	5.919819e-08	1.806923e+01
3.752850e+04	5.875797e-08	1.807733e+01
3.765550e+04	5.887584e-08	1.807516e+01
3.778250e+04	5.790940e-08	1.809313e+01
3.790950e+04	5.838006e-08	1.808434e+01
3.803650e+04	5.793504e-08	1.809265e+01
3.816350e+04	6.349444e-08	1.799316e+01
3.829050e+04	6.316041e-08	1.799889e+01
3.841750e+04	6.286931e-08	1.800390e+01
3.854450e+04	6.177452e-08	1.802298e+01
3.867150e+04	6.141870e-08	1.802925e+01
3.879850e+04	6.107670e-08	1.803531e+01
3.892550e+04	6.070529e-08	1.804193e+01
3.905250e+04	6.050486e-08	1.804552e+01
3.917950e+04	6.032999e-08	1.804867e+01
3.930650e+04	6.021606e-08	1.805072e+01
3.943350e+04	6.017086e-08	1.805153e+01
3.956050e+04	6.010022e-08	1.805281e+01
3.968750e+04	6.088750e-08	1.803868e+01
3.981450e+04	6.101602e-08	1.803639e+01
3.994150e+04	6.096401e-08	1.803732e+01
4.006850e+04	6.099110e-08	1.803683e+01
4.019550e+04	6.134961e-08	1.803047e+01
4.032250e+04	6.210252e-08	1.801723e+01
4.044950e+04	6.247343e-08	1.801076e+01
4.057650e+04	6.345366e-08	1.799386e+01
4.076700e+04	6.573840e-08	1.795545e+01
4.102100e+04	7.197110e-08	1.785710e+01
4.127500e+04	8.173366e-08	1.771900e+01
4.152900e+04	1.292358e-07	1.722154e+01
4.178300e+04	1.712658e-07	1.691582e+01
4.203700e+04	2.054103e-07	1.671844e+01
4.229100e+04	1.385446e-07	1.714603e+01
4.254500e+04	8.900697e-08	1.762644e+01
4.279900e+04	7.328073e-08	1.783753e+01
4.305300e+04	6.695289e-08	1.793558e+01
4.330700e+04	6.291027e-08	1.800320e+01
4.356100e+04	6.089583e-08	1.803853e+01
4.381500e+04	5.970404e-08	1.805999e+01
4.406900e+04	5.878840e-08	1.807677e+01
4.432300e+04	5.826486e-08	1.808648e+01
4.457700e+04	5.773497e-08	1.809640e+01
4.483100e+04	5.693075e-08	1.811163e+01
4.508500e+04	5.660710e-08	1.811782e+01
4.533900e+04	5.675529e-08	1.811498e+01
4.559300e+04	5.670459e-08	1.811595e+01
4.584700e+04	5.623115e-08	1.812506e+01
4.610100e+04	5.594844e-08	1.813053e+01
4.635500e+04	5.575593e-08	1.813427e+01
4.660900e+04	5.593943e-08	1.813070e+01
4.686300e+04	5.539641e-08	1.814130e+01
4.711700e+04	5.568430e-08	1.813567e+01
4.737100e+04	5.559823e-08	1.813735e+01
4.762500e+04	5.496370e-08	1.814981e+01
4.787900e+04	5.546424e-08	1.813997e+01
4.813300e+04	5.541710e-08	1.814089e+01
4.838700e+04	5.547558e-08	1.813975e+01
4.864100e+04	5.564868e-08	1.813636e+01
4.889500e+04	5.570226e-08	1.813532e+01
4.914900e+04	5.565961e-08	1.813615e+01
4.940300e+04	5.562306e-08	1.813686e+01
4.965700e+04	5.517964e-08	1.814555e+01
4.991100e+04	5.475746e-08	1.815389e+01
5.016500e+04	5.415382e-08	1.816593e+01
5.041900e+04	5.407520e-08	1.816750e+01
5.067300e+04	5.371133e-08	1.817484e+01
5.092700e+04	5.342628e-08	1.818061e+01
5.118100e+04	5.324148e-08	1.818437e+01
5.143500e+04	5.295220e-08	1.819029e+01
5.168900e+04	5.314169e-08	1.818641e+01
5.194300e+04	5.281738e-08	1.819306e+01
5.219700e+04	5.275684e-08	1.819430e+01
5.245100e+04	5.280887e-08	1.819323e+01
5.270500e+04	5.270975e-08	1.819527e+01
5.295900e+04	5.244548e-08	1.820073e+01
5.321300e+04	5.247660e-08	1.820009e+01
5.346700e+04	5.239315e-08	1.820181e+01
5.372100e+04	5.206083e-08	1.820872e+01
5.397500e+04	5.170280e-08	1.821621e+01
5.422900e+04	5.164001e-08	1.821753e+01
5.448300e+04	5.153053e-08	1.821984e+01
5.473700e+04	5.161788e-08	1.821800e+01
5.499100e+04	5.136403e-08	1.822335e+01
5.524500e+04	5.107528e-08	1.822947e+01
5.549900e+04	5.087673e-08	1.823370e+01
5.575300e+04	5.053205e-08	1.824108e+01
5.600700e+04	5.073007e-08	1.823684e+01
5.626100e+04	5.047387e-08	1.824233e+01
5.651500e+04	5.018538e-08	1.824856e+01
5.676900e+04	5.039778e-08	1.824397e+01
5.702300e+04	5.073159e-08	1.823680e+01
5.727700e+04	5.150368e-08	1.822040e+01
5.753100e+04	5.163623e-08	1.821761e+01
5.778500e+04	5.134342e-08	1.822379e+01
5.803900e+04	5.088700e-08	1.823348e+01
5.829300e+04	5.089063e-08	1.823341e+01
5.854700e+04	5.137495e-08	1.822312e+01
5.880100e+04	5.070265e-08	1.823742e+01
5.905500e+04	5.021833e-08	1.824784e+01
5.930900e+04	5.062811e-08	1.823902e+01
5.956300e+04	5.040301e-08	1.824386e+01
5.981700e+04	5.076588e-08	1.823607e+01
6.007100e+04	5.139960e-08	1.822260e+01
6.032500e+04	5.117837e-08	1.822728e+01
6.057900e+04	5.045656e-08	1.824271e+01
6.083300e+04	5.075292e-08	1.823635e+01
6.108700e+04	5.102770e-08	1.823049e+01
6.134100e+04	5.125147e-08	1.822573e+01
6.159500e+04	5.186853e-08	1.821274e+01
6.184900e+04	5.304155e-08	1.818846e+01
6.210300e+04	5.377667e-08	1.817352e+01
6.235700e+04	5.408155e-08	1.816738e+01
6.261100e+04	5.464414e-08	1.815614e+01
6.286500e+04	5.535788e-08	1.814205e+01
6.311900e+04	5.578762e-08	1.813366e+01
6.337300e+04	5.636674e-08	1.812244e+01
6.362700e+04	5.766559e-08	1.809771e+01
6.388100e+04	5.884412e-08	1.807574e+01
6.413500e+04	5.919156e-08	1.806935e+01
6.438900e+04	6.027088e-08	1.804973e+01
6.464300e+04	6.158329e-08	1.802634e+01
6.489700e+04	6.323920e-08	1.799753e+01
6.515100e+04	6.545851e-08	1.796008e+01
6.540500e+04	6.740184e-08	1.792832e+01
6.565900e+04	7.082222e-08	1.787458e+01
6.591300e+04	7.416879e-08	1.782445e+01
6.616700e+04	7.827243e-08	1.776598e+01
6.642100e+04	8.288063e-08	1.770387e+01
6.667500e+04	8.703204e-08	1.765080e+01
6.692900e+04	8.766570e-08	1.764293e+01
6.718300e+04	8.821855e-08	1.763610e+01
6.743700e+04	8.655197e-08	1.765681e+01
6.769100e+04	8.407845e-08	1.768829e+01
6.794500e+04	8.131308e-08	1.772460e+01
6.819900e+04	7.955520e-08	1.774833e+01
6.845300e+04	7.804603e-08	1.776912e+01
6.870700e+04	7.748526e-08	1.777695e+01
6.896100e+04	7.705117e-08	1.778305e+01
6.921500e+04	7.704354e-08	1.778316e+01
6.946900e+04	7.831398e-08	1.776540e+01
6.972300e+04	7.977006e-08	1.774540e+01
6.997700e+04	8.201666e-08	1.771524e+01
7.023100e+04	8.474091e-08	1.767977e+01
7.048500e+04	8.759633e-08	1.764379e+01
7.073900e+04	9.273099e-08	1.758194e+01
7.099300e+04	9.776981e-08	1.752449e+01
7.124700e+04	1.047256e-07	1.744987e+01
7.150100e+04	1.127662e-07	1.736955e+01
7.175500e+04	1.209022e-07	1.729391e+01
7.200900e+04	1.273029e-07	1.723790e+01
7.226300e+04	1.337456e-07	1.718430e+01
7.251700e+04	1.365113e-07	1.716208e+01
7.277100e+04	1.338814e-07	1.718320e+01
7.302500e+04	1.312638e-07	1.720464e+01
7.327900e+04	1.277094e-07	1.723444e+01
7.353300e+04	1.241654e-07	1.726500e+01
7.378700e+04	1.207905e-07	1.729492e+01
7.404100e+04	1.206177e-07	1.729647e+01
7.429500e+04	1.206611e-07	1.729608e+01
7.454900e+04	1.223120e-07	1.728133e+01
7.480300e+04	1.257608e-07	1.725114e+01
7.505700e+04	1.292286e-07	1.722160e+01
7.531100e+04	1.360792e-07	1.716552e+01
7.556500e+04	1.440356e-07	1.710383e+01
7.581900e+04	1.519872e-07	1.704548e+01
7.607300e+04	1.669541e-07	1.694351e+01
7.632700e+04	1.819635e-07	1.685004e+01
7.658100e+04	1.999793e-07	1.674754e+01
7.683500e+04	2.299677e-07	1.659583e+01
7.708900e+04	2.599224e-07	1.646289e+01
7.734300e+04	3.030114e-07	1.629635e+01
7.759700e+04	3.621705e-07	1.610272e+01
7.785100e+04	4.213240e-07	1.593846e+01
7.810500e+04	4.996849e-07	1.575326e+01
7.835900e+04	5.910748e-07	1.557089e+01
7.861300e+04	6.824229e-07	1.541487e+01
7.886700e+04	6.998388e-07	1.538750e+01
7.912100e+04	6.987387e-07	1.538921e+01
7.937500e+04	6.978138e-07	1.539065e+01
7.962900e+04	6.251754e-07	1.551000e+01
7.988300e+04	5.443954e-07	1.566021e+01
8.013700e+04	4.636287e-07	1.583457e+01
8.039100e+04	4.132176e-07	1.595955e+01
8.064500e+04	3.627629e-07	1.610094e+01
8.089900e+04	3.152080e-07	1.625351e+01
8.115300e+04	2.931286e-07	1.633235e+01
8.153400e+04	2.600596e-07	1.646232e+01
8.204200e+04	2.386573e-07	1.655556e+01
8.255000e+04	2.274311e-07	1.660788e+01
8.305800e+04	2.259033e-07	1.661519e+01
8.356600e+04	2.307599e-07	1.659210e+01
8.407400e+04	2.367697e-07	1.656418e+01
8.458200e+04	2.437255e-07	1.653275e+01
8.509000e+04	2.475428e-07	1.651587e+01
8.559800e+04	2.494749e-07	1.650743e+01
8.610600e+04	2.486142e-07	1.651119e+01
8.661400e+04	2.476944e-07	1.651521e+01
8.712200e+04	2.473990e-07	1.651651e+01
8.763000e+04	2.500591e-07	1.650489e+01
8.813800e+04	2.556981e-07	1.648068e+01
8.864600e+04	2.633552e-07	1.644865e+01
8.915400e+04	2.760041e-07	1.639771e+01
8.966200e+04	2.908526e-07	1.634082e+01
9.017000e+04	3.097358e-07	1.627252e+01
9.067800e+04	3.329294e-07	1.619412e+01
9.118600e+04	3.584711e-07	1.611386e+01
9.169400e+04	3.913621e-07	1.601855e+01
9.220200e+04	4.280014e-07	1.592139e+01
9.271000e+04	4.704966e-07	1.581861e+01
9.321800e+04	5.238626e-07	1.570196e+01
9.372600e+04	5.817992e-07	1.558807e+01
9.423400e+04	6.649196e-07	1.544308e+01
9.474200e+04	7.576771e-07	1.530129e+01
9.525000e+04	8.696632e-07	1.515162e+01
9.575800e+04	9.745945e-07	1.502794e+01
9.626600e+04	1.075060e-06	1.492142e+01
9.677400e+04	1.108522e-06	1.488814e+01
9.728200e+04	1.126207e-06	1.487095e+01
9.779000e+04	1.112217e-06	1.488453e+01
9.829800e+04	1.103176e-06	1.489339e+01
9.880600e+04	1.104005e-06	1.489257e+01
9.931400e+04	1.090185e-06	1.490625e+01
9.982200e+04	1.063924e-06	1.493272e+01
1.003300e+05	9.960010e-07	1.500435e+01
1.008380e+05	9.140432e-07	1.509758e+01
1.013460e+05	8.208088e-07	1.521439e+01
1.018540e+05	7.281707e-07	1.534442e+01
1.023620e+05	6.557778e-07	1.545811e+01
1.028700e+05	5.895754e-07	1.557365e+01
1.033780e+05	5.446302e-07	1.565975e+01
1.038860e+05	5.074324e-07	1.573655e+01
1.043940e+05	4.847645e-07	1.578617e+01
1.049020e+05	4.690362e-07	1.582198e+01
1.054100e+05	4.609728e-07	1.584081e+01
1.059180e+05	4.590619e-07	1.584532e+01
1.064260e+05	4.619210e-07	1.583858e+01
1.069340e+05	4.761441e-07	1.580565e+01
1.074420e+05	4.971078e-07	1.575887e+01
1.079500e+05	5.304659e-07	1.568836e+01
1.084580e+05	5.693150e-07	1.561162e+01
1.089660e+05	5.862179e-07	1.557985e+01
1.094740e+05	5.948214e-07	1.556403e+01
1.099820e+05	5.585099e-07	1.563242e+01
1.104900e+05	5.073461e-07	1.573674e+01
1.109980e+05	4.525851e-07	1.586075e+01
1.115060e+05	3.968151e-07	1.600353e+01
1.120140e+05	3.561219e-07	1.612100e+01
1.125220e+05	3.204377e-07	1.623564e+01
1.130300e+05	2.945542e-07	1.632709e+01
1.135380e+05	2.728744e-07	1.641009e+01
1.140460e+05	2.564862e-07	1.647734e+01
1.145540e+05	2.430045e-07	1.653596e+01
1.150620e+05	2.324211e-07	1.658431e+01
1.155700e+05	2.237405e-07	1.662564e+01
1.160780e+05	2.165461e-07	1.666112e+01
1.165860e+05	2.106118e-07	1.669129e+01
1.170940e+05	2.054449e-07	1.671826e+01
1.176020e+05	2.013936e-07	1.673989e+01
1.181100e+05	1.975973e-07	1.676055e+01
1.186180e+05	1.945749e-07	1.677728e+01
1.191260e+05	1.918455e-07	1.679262e+01
1.196340e+05	1.897417e-07	1.680459e+01
1.201420e+05	1.877703e-07	1.681593e+01
1.206500e+05	1.864308e-07	1.682371e+01
1.211580e+05	1.849871e-07	1.683215e+01
1.216660e+05	1.838887e-07	1.683861e+01
1.221740e+05	1.828499e-07	1.684476e+01
1.226820e+05	1.823572e-07	1.684769e+01
1.231900e+05	1.817623e-07	1.685124e+01
1.236980e+05	1.814963e-07	1.685283e+01
1.242060e+05	1.814531e-07	1.685309e+01
1.247140e+05	1.814200e-07	1.685329e+01
1.252220e+05	1.817756e-07	1.685116e+01
1.257300e+05	1.821080e-07	1.684918e+01
1.262380e+05	1.828800e-07	1.684458e+01
1.267460e+05	1.837508e-07	1.683943e+01
1.270000e+05	1.840864e-07	1.683745e+01
1.281430e+05	1.873305e-07	1.681848e+01
1.294130e+05	1.920820e-07	1.679128e+01
1.305560e+05	1.981367e-07	1.675759e+01
1.318260e+05	2.058620e-07	1.671606e+01
1.329690e+05	2.164724e-07	1.666149e+01
1.342390e+05	2.318044e-07	1.658720e+01
1.355090e+05	2.543297e-07	1.648651e+01
1.366520e+05	2.804970e-07	1.638018e+01
1.379220e+05	3.240371e-07	1.622351e+01
1.391920e+05	4.050718e-07	1.598117e+01
1.405890e+05	5.797287e-07	1.559194e+01
1.418590e+05	1.104549e-06	1.489204e+01
1.431290e+05	1.562204e-06	1.451566e+01
1.445260e+05	1.189704e-06	1.481140e+01
1.457960e+05	8.441953e-07	1.518389e+01
1.471930e+05	6.370974e-07	1.548949e+01
1.484630e+05	5.687757e-07	1.561265e+01
1.498600e+05	5.862220e-07	1.557984e+01
1.512570e+05	6.467798e-07	1.547311e+01
1.526540e+05	6.732614e-07	1.542954e+01
1.540510e+05	6.362935e-07	1.549086e+01
1.555750e+05	6.109625e-07	1.553496e+01
1.569720e+05	6.503761e-07	1.546709e+01
1.583690e+05	7.625564e-07	1.529432e+01
1.598930e+05	8.721627e-07	1.514851e+01
1.614170e+05	8.253972e-07	1.520834e+01
1.628140e+05	6.755625e-07	1.542584e+01
1.643380e+05	5.566081e-07	1.563613e+01
1.658620e+05	4.921108e-07	1.576984e+01
1.673860e+05	4.710892e-07	1.581724e+01
1.689100e+05	4.852265e-07	1.578514e+01
1.705610e+05	5.133678e-07	1.572393e+01
1.720850e+05	5.017148e-07	1.574886e+01
1.737360e+05	4.531222e-07	1.585946e+01
1.752600e+05	4.147063e-07	1.595565e+01
1.769110e+05	3.986190e-07	1.599861e+01
1.785620e+05	4.055135e-07	1.597999e+01
1.802130e+05	4.214466e-07	1.593814e+01
1.818640e+05	3.962154e-07	1.600517e+01
1.835150e+05	3.741356e-07	1.606743e+01
1.852930e+05	3.657717e-07	1.609197e+01
1.869440e+05	3.637318e-07	1.609805e+01
1.887220e+05	3.646730e-07	1.609524e+01
1.905000e+05	3.671840e-07	1.608779e+01
1.922780e+05	3.711679e-07	1.607607e+01
1.940560e+05	3.764410e-07	1.606076e+01
1.958340e+05	3.826231e-07	1.604307e+01
1.976120e+05	3.904657e-07	1.602104e+01
1.993900e+05	4.011745e-07	1.599167e+01
2.012950e+05	4.175856e-07	1.594814e+01
2.032000e+05	4.320213e-07	1.591124e+01
2.049780e+05	4.538889e-07	1.585763e+01
2.068830e+05	5.152847e-07	1.571988e+01
2.087880e+05	6.643655e-07	1.544398e+01
2.108200e+05	5.796121e-07	1.559216e+01
2.127250e+05	5.721918e-07	1.560615e+01
2.146300e+05	5.980960e-07	1.555807e+01
2.166620e+05	6.133785e-07	1.553068e+01
2.186940e+05	6.102903e-07	1.553616e+01
2.207260e+05	6.193684e-07	1.552013e+01
2.227580e+05	5.477930e-07	1.565346e+01
2.247900e+05	5.173370e-07	1.571557e+01
2.268220e+05	5.124406e-07	1.572589e+01
2.289810e+05	4.823284e-07	1.579164e+01
2.311400e+05	4.647957e-07	1.583184e+01
2.332990e+05	4.565474e-07	1.585129e+01
2.354580e+05	4.538647e-07	1.585768e+01
2.376170e+05	4.597294e-07	1.584374e+01
2.397760e+05	4.800214e-07	1.579685e+01
2.419350e+05	4.649518e-07	1.583148e+01
2.442210e+05	4.466847e-07	1.587500e+01
2.465070e+05	4.394968e-07	1.589261e+01
2.487930e+05	4.360245e-07	1.590122e+01
2.510790e+05	4.341957e-07	1.590579e+01
2.533650e+05	4.327115e-07	1.590950e+01
2.557780e+05	4.319582e-07	1.591140e+01
2.580640e+05	4.312678e-07	1.591313e+01
2.604770e+05	4.312224e-07	1.591325e+01
2.628900e+05	4.310514e-07	1.591368e+01
2.653030e+05	4.312233e-07	1.591324e+01
2.678430e+05	4.318347e-07	1.591171e+01
2.702560e+05	4.322185e-07	1.591074e+01
2.727960e+05	4.331145e-07	1.590849e+01
2.753360e+05	4.338298e-07	1.590670e+01
2.778760e+05	4.351843e-07	1.590332e+01
2.804160e+05	4.365893e-07	1.589982e+01
2.829560e+05	4.377522e-07	1.589693e+01
2.856230e+05	4.395286e-07	1.589253e+01
2.882900e+05	4.411488e-07	1.588854e+01
2.909570e+05	4.432824e-07	1.588330e+01
2.936240e+05	4.457397e-07	1.587730e+01
2.962910e+05	4.482361e-07	1.587123e+01
2.990850e+05	4.510069e-07	1.586454e+01
3.018790e+05	4.541336e-07	1.585704e+01
3.046730e+05	4.573014e-07	1.584949e+01
3.074670e+05	4.607792e-07	1.584127e+01
3.102610e+05	4.646337e-07	1.583222e+01
3.131820e+05	4.686990e-07	1.582276e+01
3.161030e+05	4.731026e-07	1.581261e+01
3.190240e+05	4.774880e-07	1.580259e+01
3.219450e+05	4.823075e-07	1.579169e+01
3.249930e+05	4.876166e-07	1.577980e+01
3.279140e+05	4.930349e-07	1.576781e+01
3.309620e+05	4.987792e-07	1.575523e+01
3.340100e+05	5.051497e-07	1.574145e+01
3.371850e+05	5.115016e-07	1.572788e+01
3.402330e+05	5.184953e-07	1.571314e+01
3.434080e+05	5.255552e-07	1.569845e+01
3.465830e+05	5.331621e-07	1.568285e+01
3.497580e+05	5.413963e-07	1.566621e+01
3.530600e+05	5.496778e-07	1.564973e+01
3.562350e+05	5.585273e-07	1.563239e+01
3.595370e+05	5.674581e-07	1.561517e+01
3.629660e+05	5.769426e-07	1.559717e+01
3.662680e+05	5.870071e-07	1.557839e+01
3.696970e+05	5.973387e-07	1.555945e+01
3.731260e+05	6.079928e-07	1.554025e+01
3.765550e+05	6.191383e-07	1.552053e+01
3.799840e+05	6.306334e-07	1.550056e+01
3.835400e+05	6.420418e-07	1.548109e+01
3.870960e+05	6.542499e-07	1.546064e+01
3.906520e+05	6.664299e-07	1.544061e+01
3.943350e+05	6.791564e-07	1.542008e+01
3.978910e+05	6.923596e-07	1.539917e+01
4.015740e+05	7.052983e-07	1.537907e+01
4.053840e+05	7.189614e-07	1.535824e+01
4.090670e+05	7.328455e-07	1.533747e+01
4.128770e+05	7.466501e-07	1.531721e+01
4.166870e+05	7.611978e-07	1.529626e+01
4.204970e+05	7.756494e-07	1.527584e+01
4.244340e+05	7.900220e-07	1.525590e+01
4.283710e+05	8.048875e-07	1.523566e+01
4.323080e+05	8.201900e-07	1.521521e+01
4.363720e+05	8.354538e-07	1.519519e+01
4.403090e+05	8.508788e-07	1.517533e+01
4.443730e+05	8.670166e-07	1.515493e+01
4.485640e+05	8.831235e-07	1.513495e+01
4.527550e+05	8.991259e-07	1.511545e+01
4.568190e+05	9.153567e-07	1.509602e+01
4.611370e+05	9.328407e-07	1.507548e+01
4.653280e+05	9.497443e-07	1.505598e+01
4.696460e+05	9.668664e-07	1.503658e+01
4.740910e+05	9.844437e-07	1.501702e+01
4.784090e+05	1.002774e-06	1.499699e+01
4.828540e+05	1.021361e-06	1.497705e+01
4.872990e+05	1.040174e-06	1.495723e+01
4.918710e+05	1.059489e-06	1.493726e+01
4.963160e+05	1.079264e-06	1.491718e+01
5.010150e+05	1.099596e-06	1.489692e+01
5.055870e+05	1.120662e-06	1.487631e+01
5.102860e+05	1.142026e-06	1.485581e+01
5.149850e+05	1.164675e-06	1.483449e+01
5.198110e+05	1.187883e-06	1.481307e+01
5.245100e+05	1.212192e-06	1.479107e+01
5.294630e+05	1.237239e-06	1.476887e+01
5.342890e+05	1.263148e-06	1.474636e+01
5.392420e+05	1.290385e-06	1.472320e+01
5.441950e+05	1.318953e-06	1.469943e+01
5.492750e+05	1.348676e-06	1.467523e+01
5.543550e+05	1.379116e-06	1.465100e+01
5.595620e+05	1.411222e-06	1.462601e+01
5.646420e+05	1.445505e-06	1.459995e+01
5.698490e+05	1.480587e-06	1.457392e+01
5.751830e+05	1.517063e-06	1.454749e+01
5.805170e+05	1.555674e-06	1.452020e+01
5.858510e+05	1.595924e-06	1.449247e+01
5.913120e+05	1.638055e-06	1.446418e+01
5.967730e+05	1.682669e-06	1.443500e+01
6.022340e+05	1.728888e-06	1.440558e+01
6.078220e+05	1.777052e-06	1.437575e+01
6.135370e+05	1.827888e-06	1.434513e+01
6.191250e+05	1.880896e-06	1.431409e+01
6.248400e+05	1.936921e-06	1.428222e+01
6.306820e+05	1.995132e-06	1.425007e+01
6.365240e+05	2.056041e-06	1.421742e+01
6.423660e+05	2.120499e-06	1.418390e+01
6.483350e+05	2.187082e-06	1.415034e+01
6.543040e+05	2.258092e-06	1.411565e+01
6.604000e+05	2.330930e-06	1.408118e+01
6.664960e+05	2.407375e-06	1.404614e+01
6.727190e+05	2.486974e-06	1.401082e+01
6.789420e+05	2.570473e-06	1.397497e+01
6.851650e+05	2.656858e-06	1.393908e+01
6.915150e+05	2.747392e-06	1.390270e+01
6.978650e+05	2.841147e-06	1.386627e+01
7.043420e+05	2.938797e-06	1.382958e+01
7.109460e+05	3.041765e-06	1.379219e+01
7.174230e+05	3.147441e-06	1.375511e+01
7.241540e+05	3.258616e-06	1.371742e+01
7.307580e+05	3.372524e-06	1.368011e+01
7.376160e+05	3.491508e-06	1.364247e+01
7.443470e+05	3.614048e-06	1.360502e+01
7.513320e+05	3.743995e-06	1.356666e+01
7.581900e+05	3.876651e-06	1.352886e+01
7.653020e+05	4.015204e-06	1.349073e+01
7.722870e+05	4.156091e-06	1.345329e+01
7.795260e+05	4.302849e-06	1.341561e+01
7.866380e+05	4.454678e-06	1.337796e+01
7.940040e+05	4.611972e-06	1.334028e+01
8.013700e+05	4.774341e-06	1.330272e+01
8.087360e+05	4.942584e-06	1.326511e+01
8.162290e+05	5.113984e-06	1.322810e+01
8.237220e+05	5.290431e-06	1.319127e+01
8.313420e+05	5.474685e-06	1.315410e+01
8.390890e+05	5.664429e-06	1.311711e+01
8.468360e+05	5.857285e-06	1.308076e+01
8.547100e+05	6.055613e-06	1.304460e+01
8.625840e+05	6.259010e-06	1.300874e+01
8.705850e+05	6.467876e-06	1.297310e+01
8.785860e+05	6.682614e-06	1.293763e+01
8.867140e+05	6.900060e-06	1.290287e+01
8.949690e+05	7.125311e-06	1.286799e+01
9.032240e+05	7.355633e-06	1.283345e+01
9.116060e+05	7.591846e-06	1.279913e+01
9.199880e+05	7.833909e-06	1.276505e+01
9.284970e+05	8.081045e-06	1.273133e+01
9.371330e+05	8.330885e-06	1.269827e+01
9.457690e+05	8.589358e-06	1.266510e+01
9.545320e+05	8.849735e-06	1.263267e+01
9.634220e+05	9.113629e-06	1.260077e+01
9.723120e+05	9.384944e-06	1.256892e+01
9.813290e+05	9.657016e-06	1.253789e+01
9.903460e+05	9.936513e-06	1.250691e+01
9.994900e+05	1.021912e-05	1.247647e+01
1.008761e+06	1.050446e-05	1.244657e+01
1.018159e+06	1.079525e-05	1.241692e+01
1.027557e+06	1.108877e-05	1.238779e+01
1.037082e+06	1.138773e-05	1.235891e+01
1.046607e+06	1.168713e-05	1.233073e+01
1.056386e+06	1.199430e-05	1.230256e+01
1.066165e+06	1.230377e-05	1.227490e+01
1.075944e+06	1.261405e-05	1.224786e+01
1.085977e+06	1.293530e-05	1.222056e+01
1.096010e+06	1.325336e-05	1.219419e+01
1.106170e+06	1.357181e-05	1.216841e+01
1.116330e+06	1.389805e-05	1.214262e+01
1.126744e+06	1.422196e-05	1.211760e+01
1.137158e+06	1.455092e-05	1.209277e+01
1.147572e+06	1.488027e-05	1.206847e+01
1.158240e+06	1.521195e-05	1.204454e+01
1.168908e+06	1.554440e-05	1.202106e+01
1.179830e+06	1.587879e-05	1.199796e+01
1.190752e+06	1.621355e-05	1.197530e+01
1.201674e+06	1.654869e-05	1.195309e+01
1.212850e+06	1.688343e-05	1.193135e+01
1.224026e+06	1.721856e-05	1.191001e+01
1.235329e+06	1.755327e-05	1.188910e+01
1.246759e+06	1.788836e-05	1.186857e+01
1.258316e+06	1.822344e-05	1.184842e+01
1.270000e+06	1.856126e-05	1.182848e+01
1.281430e+06	1.889358e-05	1.180921e+01
1.294130e+06	1.922588e-05	1.179028e+01
1.305560e+06	1.955858e-05	1.177166e+01
1.318260e+06	1.988813e-05	1.175351e+01
1.329690e+06	2.021531e-05	1.173580e+01
1.342390e+06	2.053978e-05	1.171851e+01
1.355090e+06	2.086655e-05	1.170137e+01
1.366520e+06	2.119097e-05	1.168462e+01
1.379220e+06	2.151540e-05	1.166813e+01
1.391920e+06	2.183708e-05	1.165201e+01
1.405890e+06	2.215916e-05	1.163612e+01
1.418590e+06	2.247810e-05	1.162060e+01
1.431290e+06	2.279742e-05	1.160529e+01
1.445260e+06	2.312224e-05	1.158993e+01
1.457960e+06	2.344158e-05	1.157503e+01
1.471930e+06	2.376326e-05	1.156023e+01
1.484630e+06	2.409081e-05	1.154537e+01
1.498600e+06	2.441287e-05	1.153095e+01
1.512570e+06	2.473261e-05	1.151682e+01
1.526540e+06	2.505467e-05	1.150278e+01
1.540510e+06	2.537715e-05	1.148889e+01
1.555750e+06	2.570470e-05	1.147497e+01
1.569720e+06	2.603501e-05	1.146111e+01
1.583690e+06	2.636847e-05	1.144729e+01
1.598930e+06	2.670741e-05	1.143342e+01
1.614170e+06	2.705183e-05	1.141951e+01
1.628140e+06	2.739516e-05	1.140582e+01
1.643380e+06	2.775057e-05	1.139182e+01
1.658620e+06	2.810638e-05	1.137799e+01
1.673860e+06	2.848633e-05	1.136341e+01
1.689100e+06	2.881839e-05	1.135083e+01
1.705610e+06	2.916976e-05	1.133767e+01
1.720850e+06	2.949774e-05	1.132553e+01
1.737360e+06	2.979826e-05	1.131452e+01
1.752600e+06	3.004398e-05	1.130561e+01
1.769110e+06	3.021150e-05	1.129957e+01
1.785620e+06	3.034750e-05	1.129469e+01
1.802130e+06	3.042866e-05	1.129179e+01
1.818640e+06	3.045499e-05	1.129085e+01
1.835150e+06	3.043057e-05	1.129172e+01
1.852930e+06	3.037472e-05	1.129372e+01
1.869440e+06	3.029554e-05	1.129655e+01
1.887220e+06	3.021228e-05	1.129954e+01
1.905000e+06	3.012906e-05	1.130254e+01
1.922780e+06	3.001848e-05	1.130653e+01
1.940560e+06	2.991195e-05	1.131039e+01
1.958340e+06	2.980141e-05	1.131441e+01
1.976120e+06	2.969088e-05	1.131844e+01
1.993900e+06	2.958038e-05	1.132249e+01
2.012950e+06	2.947392e-05	1.132641e+01
2.032000e+06	2.936345e-05	1.133048e+01
2.049780e+06	2.925301e-05	1.133457e+01
2.068830e+06	2.911924e-05	1.133955e+01
2.087880e+06	2.898547e-05	1.134455e+01
2.108200e+06	2.887103e-05	1.134884e+01
2.127250e+06	2.873729e-05	1.135389e+01
2.146300e+06	2.859954e-05	1.135910e+01
2.166620e+06	2.846582e-05	1.136419e+01
2.186940e+06	2.830476e-05	1.137035e+01
2.207260e+06	2.816702e-05	1.137565e+01
2.227580e+06	2.800194e-05	1.138203e+01
2.247900e+06	2.784090e-05	1.138829e+01
2.268220e+06	2.767705e-05	1.139470e+01
2.289810e+06	2.751280e-05	1.140116e+01
2.311400e+06	2.734814e-05	1.140768e+01
2.332990e+06	2.715622e-05	1.141533e+01
2.354580e+06	2.697091e-05	1.142276e+01
2.376170e+06	2.678052e-05	1.143045e+01
2.397760e+06	2.658428e-05	1.143844e+01
2.419350e+06	2.638257e-05	1.144671e+01
2.442210e+06	2.617814e-05	1.145515e+01
2.465070e+06	2.596590e-05	1.146399e+01
2.487930e+06	2.575327e-05	1.147292e+01
2.510790e+06	2.553244e-05	1.148227e+01
2.533650e+06	2.530847e-05	1.149184e+01
2.557780e+06	2.507711e-05	1.150181e+01
2.580640e+06	2.484534e-05	1.151189e+01
2.604770e+06	2.460812e-05	1.152230e+01
2.628900e+06	2.436817e-05	1.153294e+01
2.653030e+06	2.412276e-05	1.154393e+01
2.678430e+06	2.387463e-05	1.155516e+01
2.702560e+06	2.362334e-05	1.156665e+01
2.727960e+06	2.336974e-05	1.157837e+01
2.753360e+06	2.311068e-05	1.159047e+01
2.778760e+06	2.285121e-05	1.160273e+01
2.804160e+06	2.258944e-05	1.161524e+01
2.829560e+06	2.232220e-05	1.162816e+01
2.856230e+06	2.205728e-05	1.164112e+01
2.882900e+06	2.178733e-05	1.165449e+01
2.909570e+06	2.151698e-05	1.166805e+01
2.936240e+06	2.124429e-05	1.168189e+01
2.962910e+06	2.097354e-05	1.169582e+01
2.990850e+06	2.069815e-05	1.171017e+01
3.018790e+06	2.042235e-05	1.172474e+01
3.046730e+06	2.014422e-05	1.173962e+01
3.074670e+06	1.985982e-05	1.175506e+01
3.102610e+06	1.957035e-05	1.177100e+01
3.131820e+06	1.927817e-05	1.178734e+01
3.161030e+06	1.898322e-05	1.180408e+01
3.190240e+06	1.867968e-05	1.182158e+01
3.219450e+06	1.836833e-05	1.183983e+01
3.249930e+06	1.805698e-05	1.185839e+01
3.279140e+06	1.774525e-05	1.187729e+01
3.309620e+06	1.743392e-05	1.189651e+01
3.340100e+06	1.712494e-05	1.191593e+01
3.371850e+06	1.681870e-05	1.193552e+01
3.402330e+06	1.651288e-05	1.195544e+01
3.434080e+06	1.621175e-05	1.197543e+01
3.465830e+06	1.591144e-05	1.199573e+01
3.497580e+06	1.561618e-05	1.201606e+01
3.530600e+06	1.532644e-05	1.203640e+01
3.562350e+06	1.503710e-05	1.205709e+01
3.595370e+06	1.475243e-05	1.207784e+01
3.629660e+06	1.447092e-05	1.209876e+01
3.662680e+06	1.419215e-05	1.211988e+01
3.696970e+06	1.391614e-05	1.214120e+01
3.731260e+06	1.364286e-05	1.216274e+01
3.765550e+06	1.337234e-05	1.218448e+01
3.799840e+06	1.310729e-05	1.220622e+01
3.835400e+06	1.284459e-05	1.222820e+01
3.870960e+06	1.258504e-05	1.225036e+01
3.906520e+06	1.232823e-05	1.227275e+01
3.943350e+06	1.207650e-05	1.229515e+01
3.978910e+06	1.182792e-05	1.231773e+01
4.015740e+06	1.158169e-05	1.234057e+01
4.053840e+06	1.133860e-05	1.236360e+01
4.090670e+06	1.110099e-05	1.238660e+01
4.128770e+06	1.086572e-05	1.240985e+01
4.166870e+06	1.063593e-05	1.243306e+01
4.204970e+06	1.040656e-05	1.245673e+01
4.244340e+06	1.018226e-05	1.248039e+01
4.283710e+06	9.963445e-06	1.250398e+01
4.323080e+06	9.745040e-06	1.252804e+01
4.363720e+06	9.531711e-06	1.255207e+01
4.403090e+06	9.323458e-06	1.257606e+01
4.443730e+06	9.116018e-06	1.260049e+01
4.485640e+06	8.913657e-06	1.262486e+01
4.527550e+06	8.714037e-06	1.264945e+01
4.568190e+06	8.517564e-06	1.267421e+01
4.611370e+06	8.325765e-06	1.269894e+01
4.653280e+06	8.137111e-06	1.272382e+01
4.696460e+06	7.951601e-06	1.274886e+01
4.740910e+06	7.770767e-06	1.277384e+01
4.784090e+06	7.590742e-06	1.279929e+01
4.828540e+06	7.415794e-06	1.282461e+01
4.872990e+06	7.245922e-06	1.284977e+01
4.918710e+06	7.076457e-06	1.287546e+01
4.963160e+06	6.912069e-06	1.290098e+01
5.010150e+06	6.748490e-06	1.292698e+01
5.055870e+06	6.589586e-06	1.295285e+01
5.102860e+06	6.433824e-06	1.297883e+01
5.149850e+06	6.283138e-06	1.300456e+01
5.198110e+06	6.132860e-06	1.303084e+01
5.245100e+06	5.985726e-06	1.305721e+01
5.294630e+06	5.843265e-06	1.308336e+01
5.342890e+06	5.703541e-06	1.310964e+01
5.392420e+06	5.566962e-06	1.313595e+01
5.441950e+06	5.430389e-06	1.316292e+01
5.492750e+06	5.299294e-06	1.318946e+01
5.543550e+06	5.170535e-06	1.321616e+01
5.595620e+06	5.044918e-06	1.324286e+01
5.646420e+06	4.921639e-06	1.326973e+01
5.698490e+06	4.801504e-06	1.329656e+01
5.751830e+06	4.683704e-06	1.332353e+01
5.805170e+06	4.566314e-06	1.335109e+01
5.858510e+06	4.453995e-06	1.337813e+01
5.913120e+06	4.344416e-06	1.340517e+01
5.967730e+06	4.235243e-06	1.343280e+01
6.022340e+06	4.128810e-06	1.346044e+01
6.078220e+06	4.027450e-06	1.348742e+01
6.135370e+06	3.926095e-06	1.351510e+01
6.191250e+06	3.827878e-06	1.354260e+01
6.248400e+06	3.729669e-06	1.357082e+01
6.306820e+06	3.636528e-06	1.359828e+01
6.365240e+06	3.543395e-06	1.362645e+01
6.423660e+06	3.453399e-06	1.365438e+01
6.483350e+06	3.365742e-06	1.368230e+01
6.543040e+06	3.280822e-06	1.371004e+01
6.604000e+06	3.196310e-06	1.373838e+01
6.664960e+06	3.114131e-06	1.376666e+01
6.727190e+06	3.034692e-06	1.379471e+01
6.789420e+06	2.957991e-06	1.382251e+01
6.851650e+06	2.881295e-06	1.385103e+01
6.915150e+06	2.807335e-06	1.387926e+01
6.978650e+06	2.734329e-06	1.390787e+01
7.043420e+06	2.663737e-06	1.393627e+01
7.109460e+06	2.594557e-06	1.396484e+01
7.174230e+06	2.527255e-06	1.399338e+01
7.241540e+06	2.461596e-06	1.402196e+01
7.307580e+06	2.397579e-06	1.405057e+01
7.376160e+06	2.334934e-06	1.407931e+01
7.443470e+06	2.273933e-06	1.410806e+01
7.513320e+06	2.214573e-06	1.413677e+01
7.581900e+06	2.156584e-06	1.416558e+01
7.653020e+06	2.099967e-06	1.419447e+01
7.722870e+06	2.044678e-06	1.422344e+01
7.795260e+06	1.990799e-06	1.425243e+01
7.866380e+06	1.938288e-06	1.428145e+01
7.940040e+06	1.887149e-06	1.431048e+01
8.013700e+06	1.837338e-06	1.433953e+01
8.087360e+06	1.788663e-06	1.436868e+01
8.162290e+06	1.741318e-06	1.439780e+01
8.237220e+06	1.695069e-06	1.442703e+01
8.313420e+06	1.650189e-06	1.445617e+01
8.390890e+06	1.606405e-06	1.448536e+01
8.468360e+06	1.563758e-06	1.451458e+01
8.547100e+06	1.522398e-06	1.454368e+01
8.625840e+06	1.481942e-06	1.457292e+01
8.705850e+06	1.442267e-06	1.460239e+01
8.785860e+06	1.403688e-06	1.463182e+01
8.867140e+06	1.366204e-06	1.466121e+01
8.949690e+06	1.329543e-06	1.469074e+01
9.032240e+06	1.293976e-06	1.472018e+01
9.116060e+06	1.259192e-06	1.474977e+01
9.199880e+06	1.225269e-06	1.477942e+01
9.284970e+06	1.192169e-06	1.480916e+01
9.371330e+06	1.160163e-06	1.483870e+01
9.457690e+06	1.128706e-06	1.486855e+01
9.545320e+06	1.098304e-06	1.489819e+01
9.634220e+06	1.068491e-06	1.492807e+01
9.723120e+06	1.039498e-06	1.495794e+01
9.813290e+06	1.011328e-06	1.498777e+01
9.903460e+06	9.839392e-07	1.501758e+01
9.994900e+06	9.571385e-07	1.504756e+01
1.008761e+07	9.311191e-07	1.507749e+01
1.018159e+07	9.056478e-07	1.510760e+01
1.027557e+07	8.807645e-07	1.513785e+01
1.037082e+07	8.567027e-07	1.516792e+01
1.046607e+07	8.331486e-07	1.519819e+01
1.056386e+07	8.104159e-07	1.522823e+01
1.066165e+07	7.879980e-07	1.525869e+01
1.075944e+07	7.660875e-07	1.528930e+01
1.085977e+07	7.449982e-07	1.531961e+01
1.096010e+07	7.244571e-07	1.534997e+01
1.106170e+07	7.042302e-07	1.538071e+01
1.116330e+07	6.847845e-07	1.541112e+01
1.126744e+07	6.656130e-07	1.544195e+01
1.137158e+07	6.470294e-07	1.547269e+01
1.147572e+07	6.289533e-07	1.550345e+01
1.158240e+07	6.114250e-07	1.553414e+01
1.168908e+07	5.942108e-07	1.556515e+01
1.179830e+07	5.775045e-07	1.559611e+01
1.190752e+07	5.613454e-07	1.562692e+01
1.201674e+07	5.454606e-07	1.565809e+01
1.212850e+07	5.301237e-07	1.568906e+01
1.224026e+07	5.151008e-07	1.572027e+01
1.235329e+07	5.005852e-07	1.575131e+01
1.246759e+07	4.863439e-07	1.578264e+01
1.258316e+07	4.726499e-07	1.581365e+01
1.270000e+07	4.592302e-07	1.584492e+01
1.281430e+07	4.461245e-07	1.587636e+01
1.294130e+07	4.335264e-07	1.590746e+01
1.305560e+07	4.212021e-07	1.593877e+01
1.318260e+07	4.093852e-07	1.596967e+01
1.329690e+07	3.976489e-07	1.600125e+01
1.342390e+07	3.863798e-07	1.603246e+01
1.355090e+07	3.751916e-07	1.606437e+01
1.366520e+07	3.645105e-07	1.609572e+01
1.379220e+07	3.541034e-07	1.612717e+01
1.391920e+07	3.439702e-07	1.615870e+01
1.405890e+07	3.341109e-07	1.619027e+01
1.418590e+07	3.245657e-07	1.622174e+01
1.431290e+07	3.152541e-07	1.625335e+01
1.445260e+07	3.062164e-07	1.628493e+01
1.457960e+07	2.974526e-07	1.631646e+01
1.471930e+07	2.889223e-07	1.634805e+01
1.484630e+07	2.807063e-07	1.637937e+01
1.498600e+07	2.725146e-07	1.641153e+01
1.512570e+07	2.646544e-07	1.644330e+01
1.526540e+07	2.570409e-07	1.647499e+01
1.540510e+07	2.496232e-07	1.650679e+01
1.555750e+07	2.424205e-07	1.653858e+01
1.569720e+07	2.354095e-07	1.657044e+01
1.583690e+07	2.286176e-07	1.660223e+01
1.598930e+07	2.219941e-07	1.663415e+01
1.614170e+07	2.155817e-07	1.666597e+01
1.628140e+07	2.093416e-07	1.669786e+01
1.643380e+07	2.032618e-07	1.672986e+01
1.658620e+07	1.973737e-07	1.676178e+01
1.673860e+07	1.916500e-07	1.679373e+01
1.689100e+07	1.860906e-07	1.682569e+01
1.705610e+07	1.806955e-07	1.685763e+01
1.720850e+07	1.754413e-07	1.688967e+01
1.737360e+07	1.703475e-07	1.692166e+01
1.752600e+07	1.654139e-07	1.695357e+01
1.769110e+07	1.605980e-07	1.698565e+01
1.785620e+07	1.559383e-07	1.701762e+01
1.802130e+07	1.513922e-07	1.704974e+01
1.818640e+07	1.469870e-07	1.708180e+01
1.835150e+07	1.427148e-07	1.711383e+01
1.852930e+07	1.385521e-07	1.714597e+01
1.869440e+07	1.345264e-07	1.717798e+01
1.887220e+07	1.306101e-07	1.721006e+01
1.905000e+07	1.268035e-07	1.724217e+01
1.922780e+07	1.231297e-07	1.727409e+01
1.940560e+07	1.195422e-07	1.730620e+01
1.958340e+07	1.160641e-07	1.733825e+01
1.976120e+07	1.126957e-07	1.737023e+01
1.993900e+07	1.094094e-07	1.740236e+01
2.012950e+07	1.062286e-07	1.743440e+01
2.032000e+07	1.031339e-07	1.746650e+01
2.049780e+07	1.001256e-07	1.749864e+01
2.068830e+07	9.721863e-08	1.753063e+01
2.087880e+07	9.437453e-08	1.756286e+01
2.108200e+07	9.163192e-08	1.759488e+01
2.127250e+07	8.895216e-08	1.762711e+01
2.146300e+07	8.637385e-08	1.765904e+01
2.166620e+07	8.385437e-08	1.769119e+01
2.186940e+07	8.141705e-08	1.772321e+01
2.207260e+07	7.903450e-08	1.775546e+01
2.227580e+07	7.673410e-08	1.778753e+01
2.247900e+07	7.451183e-08	1.781944e+01
2.268220e+07	7.232504e-08	1.785178e+01
2.289810e+07	7.023966e-08	1.788354e+01
2.311400e+07	6.818576e-08	1.791577e+01
2.332990e+07	6.619067e-08	1.794801e+01
2.354580e+07	6.426964e-08	1.797999e+01
2.376170e+07	6.240741e-08	1.801191e+01
2.397760e+07	6.059996e-08	1.804382e+01
2.419350e+07	5.881992e-08	1.807619e+01
2.442210e+07	5.712202e-08	1.810799e+01
2.465070e+07	5.545151e-08	1.814022e+01
2.487930e+07	5.385909e-08	1.817185e+01
2.510790e+07	5.227480e-08	1.820427e+01
2.533650e+07	5.076859e-08	1.823601e+01
2.557780e+07	4.928979e-08	1.826811e+01
2.580640e+07	4.786172e-08	1.830003e+01
2.604770e+07	4.646507e-08	1.833218e+01
2.628900e+07	4.512318e-08	1.836400e+01
2.653030e+07	4.380870e-08	1.839610e+01
2.678430e+07	4.254894e-08	1.842778e+01
2.702560e+07	4.131662e-08	1.845969e+01
2.727960e+07	4.011167e-08	1.849182e+01
2.753360e+07	3.895746e-08	1.852352e+01
2.778760e+07	3.783465e-08	1.855528e+01
2.804160e+07	3.673924e-08	1.858717e+01
2.829560e+07	3.567123e-08	1.861920e+01
2.856230e+07	3.463059e-08	1.865135e+01
2.882900e+07	3.364471e-08	1.868271e+01
2.909570e+07	3.265887e-08	1.871500e+01
2.936240e+07	3.172776e-08	1.874640e+01
2.962910e+07	3.079667e-08	1.877874e+01
2.990850e+07	2.992034e-08	1.881008e+01
3.018790e+07	2.904403e-08	1.884236e+01
3.046730e+07	2.822246e-08	1.887351e+01
3.074670e+07	2.740091e-08	1.890559e+01
3.102610e+07	2.661569e-08	1.893716e+01
3.131820e+07	2.585123e-08	1.896880e+01
3.161030e+07	2.510637e-08	1.900054e+01
3.190240e+07	2.438573e-08	1.903216e+01
3.219450e+07	2.368701e-08	1.906372e+01
3.249930e+07	2.300512e-08	1.909544e+01
3.279140e+07	2.234749e-08	1.912693e+01
3.309620e+07	2.170667e-08	1.915852e+01
3.340100e+07	2.108463e-08	1.919009e+01
3.371850e+07	2.048176e-08	1.922158e+01
3.402330e+07	1.989572e-08	1.925310e+01
3.434080e+07	1.932844e-08	1.928451e+01
3.465830e+07	1.877527e-08	1.931603e+01
3.497580e+07	1.824086e-08	1.934739e+01
3.530600e+07	1.772014e-08	1.937883e+01
3.562350e+07	1.721586e-08	1.941018e+01
3.595370e+07	1.672567e-08	1.944154e+01
3.629660e+07	1.624917e-08	1.947292e+01
3.662680e+07	1.578870e-08	1.950413e+01
3.696970e+07	1.533959e-08	1.953547e+01
3.731260e+07	1.490377e-08	1.956676e+01
3.765550e+07	1.448204e-08	1.959793e+01
3.799840e+07	1.407087e-08	1.962920e+01
3.835400e+07	1.367105e-08	1.966050e+01
3.870960e+07	1.328452e-08	1.969164e+01
3.906520e+07	1.290661e-08	1.972297e+01
3.943350e+07	1.253965e-08	1.975429e+01
3.978910e+07	1.218598e-08	1.978535e+01
4.015740e+07	1.184053e-08	1.981657e+01
4.053840e+07	1.150370e-08	1.984791e+01
4.090670e+07	1.117782e-08	1.987911e+01
4.128770e+07	1.086290e-08	1.991014e+01
4.166870e+07	1.055579e-08	1.994127e+01
4.204970e+07	1.025729e-08	1.997242e+01
4.244340e+07	9.969348e-09	2.000333e+01
4.283710e+07	9.687287e-09	2.003449e+01
4.323080e+07	9.415773e-09	2.006536e+01
4.363720e+07	9.150144e-09	2.009643e+01
4.403090e+07	8.892728e-09	2.012741e+01
4.443730e+07	8.643525e-09	2.015827e+01
4.485640e+07	8.402135e-09	2.018903e+01
4.527550e+07	8.166225e-09	2.021995e+01
4.568190e+07	7.936599e-09	2.025091e+01
4.611370e+07	7.714380e-09	2.028175e+01
4.653280e+07	7.498041e-09	2.031263e+01
4.696460e+07	7.289514e-09	2.034325e+01
4.740910e+07	7.086866e-09	2.037386e+01
4.784090e+07	6.886961e-09	2.040493e+01
4.828540e+07	6.695268e-09	2.043558e+01
4.872990e+07	6.509053e-09	2.046621e+01
4.918710e+07	6.327911e-09	2.049685e+01
4.963160e+07	6.152650e-09	2.052734e+01
5.010150e+07	5.982462e-09	2.055780e+01
5.055870e+07	5.815819e-09	2.058847e+01
5.102860e+07	5.653847e-09	2.061914e+01
5.149850e+07	5.497755e-09	2.064954e+01
5.198110e+07	5.344401e-09	2.068025e+01
5.245100e+07	5.196523e-09	2.071072e+01
5.294630e+07	5.053721e-09	2.074097e+01
5.342890e+07	4.914059e-09	2.077140e+01
5.392420e+07	4.777137e-09	2.080208e+01
5.441950e+07	4.645289e-09	2.083247e+01
5.492750e+07	4.516581e-09	2.086298e+01
5.543550e+07	4.391015e-09	2.089359e+01
5.595620e+07	4.270121e-09	2.092390e+01
5.646420e+07	4.152367e-09	2.095426e+01
5.698490e+07	4.039685e-09	2.098413e+01
5.751830e+07	3.927411e-09	2.101473e+01
5.805170e+07	3.820611e-09	2.104467e+01
5.858510e+07	3.713813e-09	2.107545e+01
5.913120e+07	3.612488e-09	2.110548e+01
5.967730e+07	3.513903e-09	2.113553e+01
6.022340e+07	3.417657e-09	2.116568e+01
6.078220e+07	3.324548e-09	2.119567e+01
6.135370e+07	3.231846e-09	2.122637e+01
6.191250e+07	3.143811e-09	2.125636e+01
6.248400e+07	3.058918e-09	2.128608e+01
6.306820e+07	2.974028e-09	2.131664e+01
6.365240e+07	2.894210e-09	2.134617e+01
6.423660e+07	2.814796e-09	2.137638e+01
6.483350e+07	2.738118e-09	2.140637e+01
6.543040e+07	2.663672e-09	2.143630e+01
6.604000e+07	2.591063e-09	2.146630e+01
6.664960e+07	2.520605e-09	2.149624e+01
6.727190e+07	2.452104e-09	2.152615e+01
6.789420e+07	2.385519e-09	2.155604e+01
6.851650e+07	2.320577e-09	2.158601e+01
6.915150e+07	2.257554e-09	2.161590e+01
6.978650e+07	2.196405e-09	2.164572e+01
7.043420e+07	2.136941e-09	2.167552e+01
7.109460e+07	2.079119e-09	2.170530e+01
7.174230e+07	2.022667e-09	2.173519e+01
7.241540e+07	1.968132e-09	2.176486e+01
7.307580e+07	1.914966e-09	2.179460e+01
7.376160e+07	1.863169e-09	2.182437e+01
7.443470e+07	1.813015e-09	2.185400e+01
7.513320e+07	1.763957e-09	2.188378e+01
7.581900e+07	1.716542e-09	2.191336e+01
7.653020e+07	1.670495e-09	2.194289e+01
7.722870e+07	1.625544e-09	2.197250e+01
7.795260e+07	1.581690e-09	2.200220e+01
7.866380e+07	1.539244e-09	2.203173e+01
7.940040e+07	1.498086e-09	2.206116e+01
8.013700e+07	1.457832e-09	2.209073e+01
8.087360e+07	1.418865e-09	2.212015e+01
8.162290e+07	1.380801e-09	2.214967e+01
8.237220e+07	1.343792e-09	2.217917e+01
8.313420e+07	1.307918e-09	2.220855e+01
8.390890e+07	1.273059e-09	2.223788e+01
8.468360e+07	1.239103e-09	2.226723e+01
8.547100e+07	1.205968e-09	2.229666e+01
8.625840e+07	1.173887e-09	2.232593e+01
8.705850e+07	1.142629e-09	2.235524e+01
8.785860e+07	1.112192e-09	2.238455e+01
8.867140e+07	1.082850e-09	2.241358e+01
8.949690e+07	1.053823e-09	2.244308e+01
9.032240e+07	1.025851e-09	2.247229e+01
9.116060e+07	9.986999e-10	2.250141e+01
9.199880e+07	9.721371e-10	2.253068e+01
9.284970e+07	9.463556e-10	2.255986e+01
9.371330e+07	9.211619e-10	2.258916e+01
9.457690e+07	8.967496e-10	2.261832e+01
9.545320e+07	8.729254e-10	2.264756e+01
9.634220e+07	8.498823e-10	2.267660e+01
9.723120e+07	8.274270e-10	2.270568e+01
9.813290e+07	8.054792e-10	2.273486e+01
9.903460e+07	7.843529e-10	2.276372e+01
9.994900e+07	7.635410e-10	2.279292e+01
1.008761e+08	7.435099e-10	2.282178e+01
1.018159e+08	7.237934e-10	2.285096e+01
1.027557e+08	7.048981e-10	2.287968e+01
1.037082e+08	6.862365e-10	2.290882e+01
1.046607e+08	6.681629e-10	2.293779e+01
1.056386e+08	6.506370e-10	2.296665e+01
1.066165e+08	6.336183e-10	2.299543e+01
1.075944e+08	6.171472e-10	2.302403e+01
1.085977e+08	6.009904e-10	2.305283e+01
1.096010e+08	5.851077e-10	2.308191e+01
1.106170e+08	5.697725e-10	2.311075e+01
1.116330e+08	5.549446e-10	2.313938e+01
1.126744e+08	5.404310e-10	2.316815e+01
1.137158e+08	5.264245e-10	2.319666e+01
1.147572e+08	5.124588e-10	2.322585e+01
1.158240e+08	4.990403e-10	2.325466e+01
1.168908e+08	4.858556e-10	2.328373e+01
1.179830e+08	4.732587e-10	2.331225e+01
1.190752e+08	4.606621e-10	2.334154e+01
1.201674e+08	4.485727e-10	2.337042e+01
1.212850e+08	4.367974e-10	2.339930e+01
1.224026e+08	4.252959e-10	2.342827e+01
1.235329e+08	4.143017e-10	2.345671e+01
1.246759e+08	4.033481e-10	2.348580e+01
1.258316e+08	3.926682e-10	2.351494e+01
1.270000e+08	3.824957e-10	2.354343e+01
