#wave(A)    	flux(maggies)	flux(ABmag)
1.152606e+02	3.309432e-63	1.562006e+02
1.190604e+02	3.309432e-63	1.562006e+02
1.215936e+02	3.309432e-63	1.562006e+02
1.241268e+02	3.309432e-63	1.562006e+02
1.266600e+02	3.309432e-63	1.562006e+02
1.291932e+02	3.309432e-63	1.562006e+02
1.317264e+02	3.309432e-63	1.562006e+02
1.342596e+02	3.309432e-63	1.562006e+02
1.367928e+02	3.309432e-63	1.562006e+02
1.393260e+02	3.309432e-63	1.562006e+02
1.443924e+02	3.309432e-63	1.562006e+02
1.494588e+02	3.309432e-63	1.562006e+02
1.532586e+02	3.309432e-63	1.562006e+02
1.583250e+02	3.309432e-63	1.562006e+02
1.608582e+02	3.309432e-63	1.562006e+02
1.621248e+02	3.309432e-63	1.562006e+02
1.659246e+02	3.309432e-63	1.562006e+02
1.671912e+02	3.309432e-63	1.562006e+02
1.697244e+02	3.309432e-63	1.562006e+02
1.735242e+02	3.309432e-63	1.562006e+02
1.773240e+02	3.309432e-63	1.562006e+02
1.811238e+02	3.309432e-63	1.562006e+02
1.861902e+02	3.309432e-63	1.562006e+02
1.912566e+02	3.309432e-63	1.562006e+02
1.963230e+02	3.309432e-63	1.562006e+02
2.013894e+02	3.309432e-63	1.562006e+02
2.051892e+02	3.309432e-63	1.562006e+02
2.102556e+02	3.309432e-63	1.562006e+02
2.153220e+02	3.309432e-63	1.562006e+02
2.191218e+02	3.309432e-63	1.562006e+02
2.241882e+02	3.309432e-63	1.562006e+02
2.279880e+02	3.309432e-63	1.562006e+02
2.305212e+02	3.309432e-63	1.562006e+02
2.355876e+02	3.309432e-63	1.562006e+02
2.419206e+02	3.309432e-63	1.562006e+02
2.457204e+02	3.309432e-63	1.562006e+02
2.507868e+02	3.309432e-63	1.562006e+02
2.558532e+02	3.309432e-63	1.562006e+02
2.596530e+02	3.309432e-63	1.562006e+02
2.659860e+02	3.309432e-63	1.562006e+02
2.735856e+02	3.309432e-63	1.562006e+02
2.786520e+02	3.309432e-63	1.562006e+02
2.824518e+02	3.309432e-63	1.562006e+02
2.875182e+02	3.309432e-63	1.562006e+02
2.913180e+02	3.309432e-63	1.562006e+02
2.963844e+02	3.309432e-63	1.562006e+02
3.039840e+02	3.309432e-63	1.562006e+02
3.115836e+02	3.309432e-63	1.562006e+02
3.191832e+02	3.309432e-63	1.562006e+02
3.255162e+02	3.309432e-63	1.562006e+02
3.293160e+02	3.309432e-63	1.562006e+02
3.343824e+02	3.309432e-63	1.562006e+02
3.407154e+02	3.309432e-63	1.562006e+02
3.470484e+02	3.309432e-63	1.562006e+02
3.533814e+02	3.309432e-63	1.562006e+02
3.597144e+02	3.309432e-63	1.562006e+02
3.673140e+02	3.309432e-63	1.562006e+02
3.749136e+02	3.309432e-63	1.562006e+02
3.812466e+02	3.309432e-63	1.562006e+02
3.901128e+02	3.309432e-63	1.562006e+02
4.027788e+02	3.309432e-63	1.562006e+02
4.154448e+02	2.782755e-59	1.463888e+02
4.281108e+02	1.549356e-54	1.345246e+02
4.407768e+02	5.366233e-50	1.231758e+02
4.521762e+02	2.719002e-47	1.164140e+02
4.635756e+02	1.710207e-43	1.069174e+02
4.749750e+02	1.539289e-40	9.953170e+01
4.876410e+02	6.797793e-38	9.291908e+01
5.003070e+02	1.424285e-35	8.711601e+01
5.129730e+02	4.350648e-33	8.090362e+01
5.243724e+02	3.640356e-31	7.609714e+01
5.345052e+02	5.238796e-30	7.320192e+01
5.446380e+02	9.181564e-29	7.009271e+01
5.585706e+02	1.978263e-27	6.675929e+01
5.712366e+02	2.153566e-25	6.166710e+01
5.826360e+02	1.363597e-24	5.966329e+01
5.953020e+02	3.531340e-23	5.613015e+01
6.079680e+02	1.937045e-22	5.428215e+01
6.206340e+02	2.853172e-21	5.136168e+01
6.333000e+02	2.290176e-20	4.910033e+01
6.408996e+02	3.937077e-20	4.851207e+01
6.484992e+02	1.977452e-19	4.675974e+01
6.586320e+02	7.467009e-19	4.531713e+01
6.712980e+02	2.427335e-18	4.403718e+01
6.839640e+02	1.157121e-18	4.484155e+01
6.966300e+02	4.550044e-18	4.335496e+01
7.092960e+02	1.008176e-16	3.999116e+01
7.219620e+02	3.004872e-16	3.880543e+01
7.346280e+02	6.062080e-16	3.804345e+01
7.472940e+02	2.627724e-15	3.645105e+01
7.599600e+02	3.532942e-15	3.612966e+01
7.726260e+02	8.790445e-15	3.513997e+01
7.852920e+02	1.144929e-14	3.485305e+01
7.979580e+02	1.892041e-14	3.430767e+01
8.106240e+02	4.931017e-14	3.326766e+01
8.232900e+02	1.065228e-13	3.243139e+01
8.334228e+02	9.617676e-14	3.254232e+01
8.422890e+02	1.025722e-13	3.247243e+01
8.549550e+02	3.281179e-13	3.120993e+01
8.676210e+02	4.316213e-13	3.091224e+01
8.802870e+02	6.193324e-13	3.052019e+01
8.929530e+02	8.916845e-13	3.012447e+01
9.068856e+02	1.993343e-12	2.925104e+01
9.195516e+02	2.329252e-12	2.908196e+01
9.309510e+02	3.197519e-12	2.873797e+01
9.436170e+02	3.041974e-12	2.879211e+01
9.562830e+02	4.152441e-12	2.845424e+01
9.689490e+02	6.745269e-12	2.792750e+01
9.816150e+02	7.930279e-12	2.775178e+01
9.942810e+02	1.530055e-12	2.953823e+01
1.006947e+03	1.146587e-11	2.735148e+01
1.019613e+03	1.569578e-11	2.701054e+01
1.032279e+03	1.792673e-11	2.686625e+01
1.044945e+03	2.233292e-11	2.662764e+01
1.057611e+03	1.897072e-11	2.680479e+01
1.070277e+03	2.354361e-11	2.657032e+01
1.082943e+03	2.786322e-11	2.638742e+01
1.095609e+03	3.763632e-11	2.606098e+01
1.108275e+03	4.553265e-11	2.585419e+01
1.120941e+03	5.475902e-11	2.565386e+01
1.133607e+03	6.217920e-11	2.551589e+01
1.146273e+03	6.460144e-11	2.547439e+01
1.158939e+03	2.014486e-10	2.423959e+01
1.171605e+03	2.056785e-10	2.421703e+01
1.184271e+03	3.167851e-10	2.374809e+01
1.196937e+03	3.857263e-10	2.353430e+01
1.209603e+03	2.654751e-10	2.393994e+01
1.222269e+03	4.545969e-10	2.335593e+01
1.234935e+03	1.914075e-10	2.429510e+01
1.247601e+03	1.957814e-10	2.427057e+01
1.260267e+03	3.392255e-10	2.367378e+01
1.272933e+03	5.924872e-10	2.306830e+01
1.285599e+03	5.439067e-10	2.316119e+01
1.298265e+03	4.293005e-10	2.341810e+01
1.310931e+03	4.396148e-10	2.339232e+01
1.323597e+03	8.201081e-10	2.271532e+01
1.336263e+03	8.192829e-10	2.271642e+01
1.348929e+03	8.614881e-10	2.266188e+01
1.361595e+03	9.375531e-10	2.257001e+01
1.374261e+03	6.841587e-10	2.291211e+01
1.386927e+03	1.015026e-09	2.248381e+01
1.399593e+03	9.373540e-10	2.257024e+01
1.412259e+03	7.162084e-10	2.286240e+01
1.424925e+03	6.320336e-10	2.299815e+01
1.437591e+03	1.009830e-09	2.248938e+01
1.450257e+03	8.994848e-10	2.261502e+01
1.462923e+03	1.076724e-09	2.241974e+01
1.475589e+03	1.195898e-09	2.230576e+01
1.488255e+03	6.811901e-10	2.291683e+01
1.500921e+03	1.095863e-09	2.240061e+01
1.513587e+03	1.202999e-09	2.229934e+01
1.526253e+03	1.103727e-09	2.239285e+01
1.538919e+03	9.062826e-10	2.260684e+01
1.551585e+03	1.085904e-09	2.241052e+01
1.564251e+03	1.230155e-09	2.227510e+01
1.576917e+03	1.425806e-09	2.211485e+01
1.589583e+03	1.502064e-09	2.205828e+01
1.602249e+03	1.527352e-09	2.204015e+01
1.614915e+03	1.722405e-09	2.190966e+01
1.627581e+03	1.758435e-09	2.188718e+01
1.640247e+03	1.406828e-09	2.212940e+01
1.652913e+03	1.671174e-09	2.194245e+01
1.665579e+03	1.699586e-09	2.192414e+01
1.678245e+03	1.547505e-09	2.202592e+01
1.690911e+03	1.530030e-09	2.203825e+01
1.703577e+03	1.960996e-09	2.176881e+01
1.716243e+03	1.658297e-09	2.195084e+01
1.728909e+03	1.684265e-09	2.193397e+01
1.741575e+03	1.736690e-09	2.190069e+01
1.754241e+03	1.397465e-09	2.213665e+01
1.766907e+03	1.487428e-09	2.206891e+01
1.779573e+03	2.052219e-09	2.171944e+01
1.792239e+03	1.794263e-09	2.186528e+01
1.804905e+03	1.778347e-09	2.187496e+01
1.817571e+03	1.820318e-09	2.184963e+01
1.826437e+03	1.972547e-09	2.176243e+01
1.832770e+03	2.047953e-09	2.172170e+01
1.842903e+03	1.875665e-09	2.181711e+01
1.855569e+03	1.866045e-09	2.182269e+01
1.868235e+03	2.033153e-09	2.172957e+01
1.880901e+03	1.993121e-09	2.175117e+01
1.893567e+03	2.119150e-09	2.168460e+01
1.906233e+03	1.860269e-09	2.182606e+01
1.915099e+03	1.692531e-09	2.192866e+01
1.921432e+03	1.966948e-09	2.176552e+01
1.931565e+03	1.802445e-09	2.186035e+01
1.944231e+03	1.472576e-09	2.207981e+01
1.956897e+03	1.122780e-09	2.237426e+01
1.969563e+03	2.258144e-09	2.161562e+01
1.982229e+03	1.764961e-09	2.188316e+01
1.994895e+03	1.733839e-09	2.190248e+01
2.007561e+03	1.844360e-09	2.183539e+01
2.020227e+03	2.058452e-09	2.171615e+01
2.032893e+03	2.192971e-09	2.164742e+01
2.045559e+03	2.202066e-09	2.164292e+01
2.058225e+03	2.164712e-09	2.166150e+01
2.070891e+03	2.014077e-09	2.173981e+01
2.083557e+03	2.172885e-09	2.165741e+01
2.096223e+03	2.243679e-09	2.162260e+01
2.108889e+03	2.120768e-09	2.168377e+01
2.117755e+03	1.974718e-09	2.176124e+01
2.124088e+03	2.220265e-09	2.163399e+01
2.134221e+03	2.570802e-09	2.147483e+01
2.146887e+03	2.271496e-09	2.160922e+01
2.159553e+03	2.384069e-09	2.155670e+01
2.172219e+03	2.087896e-09	2.170073e+01
2.184885e+03	2.107453e-09	2.169061e+01
2.197551e+03	2.496708e-09	2.150658e+01
2.210217e+03	2.237729e-09	2.162548e+01
2.222883e+03	2.700216e-09	2.142150e+01
2.235549e+03	2.550647e-09	2.148337e+01
2.248215e+03	2.348785e-09	2.157289e+01
2.260881e+03	2.488009e-09	2.151037e+01
2.273547e+03	2.787402e-09	2.138700e+01
2.286213e+03	2.576177e-09	2.147256e+01
2.298879e+03	2.618210e-09	2.145499e+01
2.311545e+03	2.534365e-09	2.149033e+01
2.324211e+03	2.630517e-09	2.144990e+01
2.336877e+03	2.418839e-09	2.154098e+01
2.349543e+03	2.479763e-09	2.151397e+01
2.362209e+03	2.507206e-09	2.150202e+01
2.374875e+03	2.780548e-09	2.138967e+01
2.387541e+03	2.397257e-09	2.155071e+01
2.400207e+03	2.386779e-09	2.155547e+01
2.412873e+03	2.788403e-09	2.138661e+01
2.425539e+03	2.566378e-09	2.147670e+01
2.438205e+03	2.570727e-09	2.147486e+01
2.450871e+03	2.799829e-09	2.138217e+01
2.463537e+03	2.875987e-09	2.135303e+01
2.476203e+03	2.476475e-09	2.151542e+01
2.491402e+03	2.978377e-09	2.131505e+01
2.502802e+03	2.929659e-09	2.133296e+01
2.512934e+03	2.822608e-09	2.137337e+01
2.526867e+03	2.896837e-09	2.134519e+01
2.539533e+03	2.890487e-09	2.134757e+01
2.552199e+03	2.975452e-09	2.131612e+01
2.564865e+03	3.052938e-09	2.128820e+01
2.577531e+03	2.742087e-09	2.140480e+01
2.590197e+03	2.961388e-09	2.132126e+01
2.602863e+03	2.991957e-09	2.131011e+01
2.615529e+03	2.984109e-09	2.131296e+01
2.626928e+03	3.226356e-09	2.122822e+01
2.631995e+03	2.882172e-09	2.135070e+01
2.640861e+03	2.962914e-09	2.132070e+01
2.653527e+03	3.062835e-09	2.128469e+01
2.666193e+03	3.202232e-09	2.123637e+01
2.678859e+03	3.066479e-09	2.128340e+01
2.691525e+03	3.301561e-09	2.120320e+01
2.704191e+03	3.164076e-09	2.124938e+01
2.716857e+03	3.243406e-09	2.122250e+01
2.729523e+03	3.345463e-09	2.118886e+01
2.742189e+03	3.302156e-09	2.120301e+01
2.754855e+03	3.312868e-09	2.119949e+01
2.767521e+03	3.296859e-09	2.120475e+01
2.780187e+03	3.413854e-09	2.116689e+01
2.792853e+03	3.377255e-09	2.117859e+01
2.805519e+03	3.285297e-09	2.120856e+01
2.818185e+03	3.245820e-09	2.122169e+01
2.830851e+03	3.410489e-09	2.116796e+01
2.843517e+03	3.342552e-09	2.118980e+01
2.856183e+03	3.264431e-09	2.121548e+01
2.868849e+03	3.332642e-09	2.119303e+01
2.881515e+03	3.411205e-09	2.116773e+01
2.894181e+03	3.490811e-09	2.114268e+01
2.906847e+03	3.352736e-09	2.118650e+01
2.919513e+03	3.437939e-09	2.115925e+01
2.932179e+03	3.339841e-09	2.119069e+01
2.944845e+03	2.902792e-09	2.134296e+01
2.957511e+03	3.216709e-09	2.123147e+01
2.970177e+03	3.166499e-09	2.124855e+01
2.982843e+03	3.360132e-09	2.118411e+01
2.995509e+03	3.194500e-09	2.123899e+01
3.008175e+03	3.282197e-09	2.120959e+01
3.020841e+03	3.139500e-09	2.125785e+01
3.033507e+03	3.282150e-09	2.120960e+01
3.046173e+03	3.223671e-09	2.122912e+01
3.058839e+03	3.295262e-09	2.120528e+01
3.071505e+03	3.453267e-09	2.115442e+01
3.084171e+03	3.386352e-09	2.117567e+01
3.096837e+03	3.529929e-09	2.113059e+01
3.109503e+03	3.529359e-09	2.113076e+01
3.122169e+03	3.524158e-09	2.113236e+01
3.134835e+03	3.457127e-09	2.115321e+01
3.147501e+03	3.522287e-09	2.113294e+01
3.160167e+03	3.397198e-09	2.117220e+01
3.172833e+03	3.683135e-09	2.108446e+01
3.182966e+03	3.413450e-09	2.116702e+01
3.189299e+03	3.471680e-09	2.114865e+01
3.198165e+03	3.399301e-09	2.117153e+01
3.210831e+03	3.445102e-09	2.115699e+01
3.223497e+03	3.448101e-09	2.115605e+01
3.236163e+03	3.625965e-09	2.110144e+01
3.248829e+03	3.580196e-09	2.111523e+01
3.261495e+03	3.739622e-09	2.106793e+01
3.274161e+03	3.727604e-09	2.107143e+01
3.286827e+03	3.710939e-09	2.107629e+01
3.299493e+03	3.644090e-09	2.109603e+01
3.312159e+03	3.629019e-09	2.110053e+01
3.324825e+03	3.774412e-09	2.105788e+01
3.337491e+03	3.886297e-09	2.102616e+01
3.350157e+03	4.151531e-09	2.095448e+01
3.362823e+03	4.243683e-09	2.093064e+01
3.375489e+03	3.970852e-09	2.100279e+01
3.388155e+03	4.130271e-09	2.096005e+01
3.400821e+03	4.149962e-09	2.095489e+01
3.413487e+03	4.030229e-09	2.098668e+01
3.426153e+03	4.139307e-09	2.095768e+01
3.438819e+03	4.006557e-09	2.099307e+01
3.451485e+03	4.027842e-09	2.098732e+01
3.464151e+03	4.193022e-09	2.094368e+01
3.476817e+03	3.799790e-09	2.105060e+01
3.489483e+03	3.890747e-09	2.102492e+01
3.502149e+03	4.021931e-09	2.098891e+01
3.514815e+03	4.182274e-09	2.094647e+01
3.527481e+03	4.015138e-09	2.099075e+01
3.540147e+03	3.494883e-09	2.114142e+01
3.552813e+03	3.675000e-09	2.108686e+01
3.565479e+03	4.238810e-09	2.093189e+01
3.578145e+03	4.443639e-09	2.088065e+01
3.590811e+03	4.355415e-09	2.090243e+01
3.603477e+03	4.304832e-09	2.091511e+01
3.616143e+03	4.188638e-09	2.094482e+01
3.628809e+03	4.531365e-09	2.085943e+01
3.641475e+03	4.554714e-09	2.085385e+01
3.654141e+03	4.562143e-09	2.085208e+01
3.666807e+03	4.561363e-09	2.085226e+01
3.685806e+03	4.903649e-09	2.077370e+01
3.711138e+03	4.811149e-09	2.079438e+01
3.736470e+03	4.806719e-09	2.079538e+01
3.761802e+03	4.940428e-09	2.076559e+01
3.787134e+03	5.007137e-09	2.075103e+01
3.812466e+03	5.118328e-09	2.072718e+01
3.837798e+03	5.167867e-09	2.071672e+01
3.863130e+03	5.232541e-09	2.070322e+01
3.888462e+03	5.315007e-09	2.068624e+01
3.913794e+03	5.408859e-09	2.066724e+01
3.939126e+03	5.461041e-09	2.065681e+01
3.964458e+03	5.468195e-09	2.065539e+01
3.989790e+03	5.559332e-09	2.063744e+01
4.015122e+03	5.631441e-09	2.062345e+01
4.040454e+03	5.465200e-09	2.065598e+01
4.065786e+03	5.693150e-09	2.061162e+01
4.091118e+03	5.534840e-09	2.064224e+01
4.116450e+03	5.864473e-09	2.057943e+01
4.141782e+03	6.092873e-09	2.053794e+01
4.167114e+03	6.124495e-09	2.053232e+01
4.192446e+03	6.195820e-09	2.051975e+01
4.217778e+03	6.234807e-09	2.051294e+01
4.243110e+03	6.232488e-09	2.051335e+01
4.268442e+03	6.081626e-09	2.053995e+01
4.293774e+03	6.218915e-09	2.051571e+01
4.319106e+03	6.317039e-09	2.049872e+01
4.344438e+03	6.388480e-09	2.048651e+01
4.369770e+03	6.516466e-09	2.046497e+01
4.395102e+03	6.573642e-09	2.045548e+01
4.420434e+03	6.736112e-09	2.042898e+01
4.445766e+03	6.913106e-09	2.040082e+01
4.471098e+03	6.836327e-09	2.041294e+01
4.496430e+03	7.131711e-09	2.036702e+01
4.521762e+03	6.723357e-09	2.043103e+01
4.547094e+03	6.772993e-09	2.042305e+01
4.572426e+03	7.070226e-09	2.037642e+01
4.597758e+03	7.215481e-09	2.035434e+01
4.610424e+03	7.285001e-09	2.034393e+01
4.623090e+03	7.831421e-09	2.026540e+01
4.648422e+03	7.822042e-09	2.026670e+01
4.673754e+03	7.513787e-09	2.031035e+01
4.699086e+03	8.191760e-09	2.021656e+01
4.724418e+03	7.902566e-09	2.025558e+01
4.749750e+03	9.117103e-09	2.010036e+01
4.775082e+03	9.752101e-09	2.002725e+01
4.800414e+03	1.089909e-08	1.990652e+01
4.825746e+03	1.193648e-08	1.980781e+01
4.851078e+03	9.903595e-09	2.001052e+01
4.876410e+03	1.252699e-08	1.975538e+01
4.901742e+03	1.348712e-08	1.967520e+01
4.927074e+03	1.050916e-08	1.994608e+01
4.952406e+03	1.421183e-08	1.961838e+01
4.977738e+03	1.158912e-08	1.983987e+01
5.003070e+03	1.364613e-08	1.966248e+01
5.028402e+03	9.491285e-09	2.005669e+01
5.053734e+03	1.526254e-08	1.954093e+01
5.079066e+03	1.660995e-08	1.944908e+01
5.104398e+03	1.677450e-08	1.943838e+01
5.129730e+03	1.681680e-08	1.943564e+01
5.155062e+03	1.645746e-08	1.945909e+01
5.180394e+03	1.563497e-08	1.951476e+01
5.205726e+03	1.375712e-08	1.965368e+01
5.231058e+03	1.696717e-08	1.942598e+01
5.256390e+03	1.764093e-08	1.938370e+01
5.281722e+03	1.779965e-08	1.937397e+01
5.307054e+03	1.792864e-08	1.936613e+01
5.332386e+03	1.822759e-08	1.934818e+01
5.357718e+03	1.813505e-08	1.935370e+01
5.383050e+03	1.852763e-08	1.933045e+01
5.408382e+03	1.814724e-08	1.935297e+01
5.433714e+03	1.812268e-08	1.935444e+01
5.459046e+03	1.707695e-08	1.941897e+01
5.484378e+03	1.679410e-08	1.943711e+01
5.509710e+03	1.558496e-08	1.951824e+01
5.535042e+03	1.961473e-08	1.926854e+01
5.560374e+03	1.936040e-08	1.928271e+01
5.585706e+03	1.982327e-08	1.925706e+01
5.611038e+03	2.025159e-08	1.923385e+01
5.636370e+03	2.059722e-08	1.921548e+01
5.661702e+03	2.108604e-08	1.919001e+01
5.687034e+03	2.132170e-08	1.917795e+01
5.712366e+03	2.275406e-08	1.910735e+01
5.737698e+03	2.164414e-08	1.916165e+01
5.763030e+03	2.196843e-08	1.914550e+01
5.788362e+03	2.308356e-08	1.909174e+01
5.813694e+03	2.249602e-08	1.911974e+01
5.839026e+03	2.307432e-08	1.909218e+01
5.864358e+03	2.274327e-08	1.910787e+01
5.889690e+03	2.320859e-08	1.908588e+01
5.915022e+03	2.373203e-08	1.906166e+01
5.940354e+03	2.351208e-08	1.907177e+01
5.965686e+03	2.303982e-08	1.909380e+01
5.991018e+03	2.404660e-08	1.904737e+01
6.016350e+03	2.454739e-08	1.902499e+01
6.041682e+03	2.469688e-08	1.901839e+01
6.067014e+03	2.475380e-08	1.901590e+01
6.092346e+03	2.463561e-08	1.902109e+01
6.117678e+03	2.480432e-08	1.901368e+01
6.143010e+03	2.221300e-08	1.913348e+01
6.168342e+03	1.962997e-08	1.926770e+01
6.193674e+03	2.448110e-08	1.902792e+01
6.219006e+03	2.510530e-08	1.900059e+01
6.244338e+03	2.499591e-08	1.900533e+01
6.269670e+03	2.600001e-08	1.896257e+01
6.295002e+03	2.604229e-08	1.896080e+01
6.320334e+03	2.509962e-08	1.900083e+01
6.345666e+03	2.444028e-08	1.902973e+01
6.370998e+03	2.553158e-08	1.898231e+01
6.396330e+03	2.559751e-08	1.897951e+01
6.421662e+03	2.656879e-08	1.893907e+01
6.446994e+03	2.596728e-08	1.896393e+01
6.472326e+03	2.643627e-08	1.894450e+01
6.497658e+03	2.605290e-08	1.896036e+01
6.522990e+03	2.568300e-08	1.897589e+01
6.548322e+03	2.497575e-08	1.900620e+01
6.573654e+03	2.544868e-08	1.898584e+01
6.598986e+03	2.635842e-08	1.894770e+01
6.624318e+03	2.702703e-08	1.892050e+01
6.649650e+03	2.784044e-08	1.888831e+01
6.674982e+03	2.609139e-08	1.895876e+01
6.700314e+03	2.827048e-08	1.887167e+01
6.725646e+03	2.911472e-08	1.883972e+01
6.750978e+03	2.747972e-08	1.890247e+01
6.776310e+03	2.910120e-08	1.884022e+01
6.801642e+03	2.922629e-08	1.883557e+01
6.826974e+03	2.897010e-08	1.884513e+01
6.852306e+03	2.875078e-08	1.885338e+01
6.877638e+03	2.928881e-08	1.883325e+01
6.902970e+03	3.012127e-08	1.880282e+01
6.928302e+03	2.972611e-08	1.881715e+01
6.953634e+03	2.994587e-08	1.880916e+01
6.978966e+03	3.001398e-08	1.880669e+01
7.004298e+03	3.055844e-08	1.878717e+01
7.029630e+03	3.105168e-08	1.876979e+01
7.054962e+03	3.086132e-08	1.877646e+01
7.080294e+03	3.058889e-08	1.878609e+01
7.105626e+03	3.147914e-08	1.875494e+01
7.130958e+03	3.144140e-08	1.875625e+01
7.156290e+03	3.175588e-08	1.874544e+01
7.181622e+03	3.149366e-08	1.875444e+01
7.206954e+03	3.232393e-08	1.872619e+01
7.232286e+03	3.198233e-08	1.873772e+01
7.257618e+03	3.371500e-08	1.868044e+01
7.282950e+03	3.299935e-08	1.870374e+01
7.308282e+03	3.352121e-08	1.868670e+01
7.333614e+03	3.294194e-08	1.870563e+01
7.358946e+03	3.393150e-08	1.867349e+01
7.384278e+03	3.468366e-08	1.864969e+01
7.409610e+03	3.420689e-08	1.866472e+01
7.434942e+03	3.439170e-08	1.865887e+01
7.460274e+03	3.273912e-08	1.871233e+01
7.485606e+03	3.452523e-08	1.865466e+01
7.510938e+03	3.480006e-08	1.864605e+01
7.536270e+03	3.499749e-08	1.863991e+01
7.561602e+03	3.554119e-08	1.862317e+01
7.586934e+03	3.533106e-08	1.862961e+01
7.612266e+03	3.520814e-08	1.863339e+01
7.637598e+03	3.596973e-08	1.861016e+01
7.662930e+03	3.657462e-08	1.859205e+01
7.688262e+03	3.678293e-08	1.858588e+01
7.713594e+03	3.610210e-08	1.860617e+01
7.738926e+03	3.635986e-08	1.859844e+01
7.764258e+03	3.537331e-08	1.862831e+01
7.789590e+03	3.592848e-08	1.861140e+01
7.814922e+03	3.541837e-08	1.862693e+01
7.840254e+03	3.689339e-08	1.858263e+01
7.865586e+03	3.695317e-08	1.858087e+01
7.890918e+03	3.636082e-08	1.859842e+01
7.916250e+03	3.560942e-08	1.862109e+01
7.941582e+03	3.721429e-08	1.857323e+01
7.966914e+03	3.782549e-08	1.855554e+01
7.992246e+03	3.707479e-08	1.857730e+01
8.017578e+03	3.769674e-08	1.855924e+01
8.042910e+03	3.779303e-08	1.855647e+01
8.068242e+03	3.794653e-08	1.855207e+01
8.093574e+03	3.875681e-08	1.852913e+01
8.118906e+03	3.843431e-08	1.853820e+01
8.144238e+03	3.893697e-08	1.852409e+01
8.169570e+03	3.898104e-08	1.852287e+01
8.194902e+03	3.924149e-08	1.851564e+01
8.220234e+03	3.880526e-08	1.852777e+01
8.245566e+03	3.979222e-08	1.850050e+01
8.270898e+03	3.973095e-08	1.850218e+01
8.296230e+03	3.803250e-08	1.854961e+01
8.321562e+03	3.442160e-08	1.865792e+01
8.346894e+03	3.975106e-08	1.850163e+01
8.372226e+03	4.085002e-08	1.847202e+01
8.397558e+03	4.092626e-08	1.846999e+01
8.422890e+03	4.110231e-08	1.846533e+01
8.448222e+03	4.076755e-08	1.847421e+01
8.473554e+03	4.165868e-08	1.845074e+01
8.498886e+03	4.090742e-08	1.847049e+01
8.524218e+03	4.185829e-08	1.844555e+01
8.549550e+03	4.159618e-08	1.845237e+01
8.574882e+03	4.208641e-08	1.843965e+01
8.600214e+03	4.200937e-08	1.844163e+01
8.625546e+03	4.232304e-08	1.843356e+01
8.650878e+03	4.283858e-08	1.842041e+01
8.676210e+03	4.232743e-08	1.843345e+01
8.701542e+03	4.309117e-08	1.841403e+01
8.726874e+03	4.374331e-08	1.839772e+01
8.752206e+03	4.380518e-08	1.839619e+01
8.777538e+03	4.379969e-08	1.839632e+01
8.802870e+03	4.385104e-08	1.839505e+01
8.828202e+03	4.434049e-08	1.838300e+01
8.853534e+03	4.446679e-08	1.837991e+01
8.878866e+03	4.385216e-08	1.839502e+01
8.904198e+03	4.471817e-08	1.837379e+01
8.929530e+03	4.497116e-08	1.836766e+01
8.954862e+03	4.436799e-08	1.838233e+01
8.980194e+03	4.407860e-08	1.838943e+01
9.005526e+03	4.360106e-08	1.840126e+01
9.030858e+03	4.335256e-08	1.840746e+01
9.056190e+03	4.364033e-08	1.840028e+01
9.081522e+03	4.412922e-08	1.838818e+01
9.106854e+03	4.362239e-08	1.840073e+01
9.132186e+03	4.481269e-08	1.837150e+01
9.157518e+03	4.545739e-08	1.835599e+01
9.182850e+03	4.592161e-08	1.834496e+01
9.208182e+03	4.625017e-08	1.833722e+01
9.233514e+03	4.574800e-08	1.834907e+01
9.258846e+03	4.685669e-08	1.832307e+01
9.284178e+03	4.722576e-08	1.831455e+01
9.309510e+03	4.763649e-08	1.830515e+01
9.334842e+03	4.854431e-08	1.828465e+01
9.360174e+03	4.798176e-08	1.829731e+01
9.385506e+03	4.786140e-08	1.830004e+01
9.410838e+03	4.869985e-08	1.828118e+01
9.436170e+03	4.907956e-08	1.827275e+01
9.461502e+03	4.950734e-08	1.826333e+01
9.486834e+03	4.957821e-08	1.826177e+01
9.512166e+03	5.023397e-08	1.824751e+01
9.537498e+03	5.087947e-08	1.823364e+01
9.562830e+03	5.138280e-08	1.822296e+01
9.588162e+03	5.129213e-08	1.822487e+01
9.613494e+03	5.103199e-08	1.823039e+01
9.638826e+03	5.086279e-08	1.823400e+01
9.664158e+03	5.097119e-08	1.823169e+01
9.689490e+03	5.098337e-08	1.823143e+01
9.714822e+03	4.978628e-08	1.825723e+01
9.740154e+03	5.100110e-08	1.823105e+01
9.765486e+03	5.060636e-08	1.823949e+01
9.790818e+03	5.100272e-08	1.823102e+01
9.816150e+03	5.092679e-08	1.823263e+01
9.841482e+03	5.156629e-08	1.821909e+01
9.866814e+03	5.225570e-08	1.820467e+01
9.892146e+03	5.241214e-08	1.820142e+01
9.917478e+03	5.237948e-08	1.820210e+01
9.942810e+03	5.214654e-08	1.820694e+01
9.968142e+03	5.275980e-08	1.819424e+01
9.993474e+03	5.218701e-08	1.820609e+01
1.001881e+04	5.157554e-08	1.821889e+01
1.004414e+04	5.175676e-08	1.821508e+01
1.006947e+04	5.168079e-08	1.821668e+01
1.009480e+04	5.324115e-08	1.818438e+01
1.012013e+04	5.339913e-08	1.818116e+01
1.014547e+04	5.379971e-08	1.817305e+01
1.017080e+04	5.416350e-08	1.816573e+01
1.019613e+04	5.428960e-08	1.816321e+01
1.022146e+04	5.465104e-08	1.815600e+01
1.024679e+04	5.419908e-08	1.816502e+01
1.027213e+04	5.476257e-08	1.815379e+01
1.029746e+04	5.578291e-08	1.813375e+01
1.032279e+04	5.616158e-08	1.812640e+01
1.034812e+04	5.661013e-08	1.811776e+01
1.037345e+04	5.551602e-08	1.813895e+01
1.039879e+04	5.563446e-08	1.813664e+01
1.042412e+04	5.618319e-08	1.812598e+01
1.044945e+04	5.670319e-08	1.811598e+01
1.047478e+04	5.743873e-08	1.810199e+01
1.050011e+04	5.718097e-08	1.810687e+01
1.052545e+04	5.598500e-08	1.812982e+01
1.055078e+04	5.616808e-08	1.812628e+01
1.057611e+04	5.653215e-08	1.811926e+01
1.060144e+04	5.708742e-08	1.810865e+01
1.062677e+04	5.606101e-08	1.812835e+01
1.065211e+04	5.751423e-08	1.810056e+01
1.067744e+04	5.633154e-08	1.812312e+01
1.070277e+04	5.634834e-08	1.812280e+01
1.072810e+04	5.611912e-08	1.812722e+01
1.075343e+04	5.712618e-08	1.810791e+01
1.077877e+04	5.460664e-08	1.815689e+01
1.080410e+04	5.761674e-08	1.809863e+01
1.082943e+04	5.270383e-08	1.819539e+01
1.085476e+04	5.955439e-08	1.806272e+01
1.088009e+04	5.798163e-08	1.809177e+01
1.090543e+04	5.825722e-08	1.808663e+01
1.093076e+04	6.084050e-08	1.803952e+01
1.095609e+04	6.039564e-08	1.804749e+01
1.098142e+04	5.407879e-08	1.816743e+01
1.100675e+04	5.982239e-08	1.805784e+01
1.103209e+04	6.200607e-08	1.801891e+01
1.105742e+04	6.201841e-08	1.801870e+01
1.108275e+04	5.909590e-08	1.807111e+01
1.110808e+04	6.256023e-08	1.800925e+01
1.113341e+04	6.378514e-08	1.798820e+01
1.115875e+04	6.324637e-08	1.799741e+01
1.118408e+04	6.386087e-08	1.798691e+01
1.120941e+04	6.311736e-08	1.799963e+01
1.123474e+04	5.973290e-08	1.805947e+01
1.126007e+04	6.361701e-08	1.799107e+01
1.128541e+04	6.507186e-08	1.796652e+01
1.131074e+04	6.438925e-08	1.797797e+01
1.133607e+04	6.480774e-08	1.797093e+01
1.136140e+04	6.512813e-08	1.796558e+01
1.138673e+04	6.514998e-08	1.796521e+01
1.141207e+04	6.121316e-08	1.803289e+01
1.143740e+04	6.429802e-08	1.797951e+01
1.146273e+04	6.752154e-08	1.792639e+01
1.148806e+04	6.732818e-08	1.792951e+01
1.151339e+04	6.611161e-08	1.794931e+01
1.153873e+04	6.717731e-08	1.793194e+01
1.156406e+04	6.867333e-08	1.790803e+01
1.158939e+04	6.858028e-08	1.790950e+01
1.161472e+04	6.845744e-08	1.791145e+01
1.164005e+04	6.875209e-08	1.790679e+01
1.166539e+04	6.637244e-08	1.794503e+01
1.169072e+04	6.313108e-08	1.799939e+01
1.171605e+04	6.564391e-08	1.795701e+01
1.174138e+04	6.710526e-08	1.793311e+01
1.176671e+04	6.764549e-08	1.792440e+01
1.179205e+04	6.826276e-08	1.791454e+01
1.181738e+04	6.814339e-08	1.791644e+01
1.184271e+04	6.825200e-08	1.791471e+01
1.186804e+04	6.772712e-08	1.792309e+01
1.189337e+04	6.837674e-08	1.791273e+01
1.191871e+04	6.691214e-08	1.793624e+01
1.194404e+04	6.905118e-08	1.790207e+01
1.196937e+04	6.830332e-08	1.791390e+01
1.199470e+04	6.958732e-08	1.789367e+01
1.202003e+04	7.005700e-08	1.788637e+01
1.204537e+04	6.959516e-08	1.789355e+01
1.207070e+04	6.908623e-08	1.790152e+01
1.209603e+04	6.549619e-08	1.795946e+01
1.212136e+04	6.901087e-08	1.790271e+01
1.214669e+04	7.089053e-08	1.787353e+01
1.217203e+04	7.042163e-08	1.788073e+01
1.219736e+04	7.063077e-08	1.787752e+01
1.222269e+04	7.038654e-08	1.788128e+01
1.224802e+04	7.029607e-08	1.788267e+01
1.227335e+04	7.133103e-08	1.786680e+01
1.229869e+04	7.138489e-08	1.786598e+01
1.232402e+04	7.127113e-08	1.786772e+01
1.234935e+04	7.096521e-08	1.787239e+01
1.237468e+04	7.149551e-08	1.786430e+01
1.240001e+04	7.098405e-08	1.787210e+01
1.242535e+04	7.261325e-08	1.784746e+01
1.245068e+04	7.236773e-08	1.785114e+01
1.247601e+04	7.296898e-08	1.784215e+01
1.250134e+04	7.292678e-08	1.784278e+01
1.252667e+04	7.316473e-08	1.783925e+01
1.255201e+04	7.300523e-08	1.784162e+01
1.257734e+04	7.356523e-08	1.783332e+01
1.260267e+04	7.394191e-08	1.782777e+01
1.262800e+04	7.441768e-08	1.782081e+01
1.265333e+04	7.457663e-08	1.781849e+01
1.269766e+04	7.352303e-08	1.783394e+01
1.276099e+04	7.297057e-08	1.784213e+01
1.282432e+04	7.559822e-08	1.780372e+01
1.288765e+04	7.564763e-08	1.780301e+01
1.295098e+04	7.665420e-08	1.778866e+01
1.301431e+04	7.742229e-08	1.777783e+01
1.307764e+04	7.721824e-08	1.778070e+01
1.314098e+04	7.777067e-08	1.777296e+01
1.320431e+04	7.846170e-08	1.776336e+01
1.326764e+04	7.781051e-08	1.777240e+01
1.333097e+04	7.789900e-08	1.777117e+01
1.339430e+04	7.758537e-08	1.777555e+01
1.345762e+04	7.821714e-08	1.776675e+01
1.352095e+04	7.770812e-08	1.777383e+01
1.358428e+04	7.847674e-08	1.776315e+01
1.364761e+04	7.891207e-08	1.775714e+01
1.371094e+04	7.879183e-08	1.775880e+01
1.377427e+04	7.870732e-08	1.775996e+01
1.383760e+04	7.664506e-08	1.778879e+01
1.390093e+04	7.718140e-08	1.778122e+01
1.396426e+04	7.821088e-08	1.776683e+01
1.402759e+04	7.811521e-08	1.776816e+01
1.409092e+04	7.839223e-08	1.776432e+01
1.415425e+04	7.866451e-08	1.776055e+01
1.421758e+04	7.947474e-08	1.774943e+01
1.428091e+04	7.891144e-08	1.775715e+01
1.434424e+04	7.925058e-08	1.775249e+01
1.440757e+04	7.947479e-08	1.774943e+01
1.447090e+04	7.948626e-08	1.774927e+01
1.453423e+04	8.124099e-08	1.772556e+01
1.459756e+04	8.153245e-08	1.772167e+01
1.466089e+04	8.145725e-08	1.772268e+01
1.472422e+04	8.111573e-08	1.772724e+01
1.478756e+04	8.152180e-08	1.772182e+01
1.485089e+04	8.284843e-08	1.770429e+01
1.491422e+04	8.161891e-08	1.772052e+01
1.497755e+04	8.226219e-08	1.771200e+01
1.504088e+04	8.215764e-08	1.771338e+01
1.510420e+04	8.408848e-08	1.768816e+01
1.516753e+04	8.215810e-08	1.771337e+01
1.523086e+04	8.409755e-08	1.768804e+01
1.529419e+04	8.409286e-08	1.768810e+01
1.535752e+04	8.490565e-08	1.767766e+01
1.542085e+04	8.601204e-08	1.766360e+01
1.548418e+04	8.609357e-08	1.766257e+01
1.554751e+04	8.615264e-08	1.766183e+01
1.561084e+04	8.653441e-08	1.765703e+01
1.567417e+04	8.710809e-08	1.764985e+01
1.573750e+04	8.688108e-08	1.765269e+01
1.580083e+04	8.764476e-08	1.764319e+01
1.586416e+04	8.744047e-08	1.764572e+01
1.592749e+04	8.811088e-08	1.763743e+01
1.599082e+04	8.853406e-08	1.763222e+01
1.605415e+04	8.817782e-08	1.763660e+01
1.611748e+04	8.926611e-08	1.762328e+01
1.618081e+04	8.969532e-08	1.761808e+01
1.624414e+04	8.596189e-08	1.766424e+01
1.630747e+04	8.934274e-08	1.762235e+01
1.637080e+04	8.935882e-08	1.762216e+01
1.643413e+04	9.057090e-08	1.760753e+01
1.649747e+04	9.041595e-08	1.760939e+01
1.656079e+04	9.118484e-08	1.760019e+01
1.662412e+04	9.009477e-08	1.761325e+01
1.668745e+04	9.082964e-08	1.760443e+01
1.675078e+04	9.141230e-08	1.759749e+01
1.681411e+04	9.042572e-08	1.760927e+01
1.687744e+04	8.929514e-08	1.762293e+01
1.694077e+04	8.710826e-08	1.764985e+01
1.700410e+04	8.757881e-08	1.764400e+01
1.706743e+04	8.818689e-08	1.763649e+01
1.713076e+04	8.821208e-08	1.763618e+01
1.719409e+04	8.756778e-08	1.764414e+01
1.725742e+04	8.792966e-08	1.763966e+01
1.732076e+04	8.839414e-08	1.763394e+01
1.738408e+04	8.875757e-08	1.762949e+01
1.744742e+04	8.893440e-08	1.762733e+01
1.751074e+04	8.937160e-08	1.762200e+01
1.757408e+04	8.926356e-08	1.762331e+01
1.763740e+04	8.918214e-08	1.762431e+01
1.770074e+04	8.932812e-08	1.762253e+01
1.776406e+04	8.849527e-08	1.763270e+01
1.782740e+04	8.882291e-08	1.762869e+01
1.789072e+04	8.798008e-08	1.763904e+01
1.795406e+04	8.863522e-08	1.763098e+01
1.801738e+04	8.832646e-08	1.763477e+01
1.808072e+04	8.768451e-08	1.764269e+01
1.814404e+04	8.966247e-08	1.761847e+01
1.820738e+04	9.076414e-08	1.760521e+01
1.827070e+04	8.933815e-08	1.762241e+01
1.833403e+04	9.110571e-08	1.760114e+01
1.839736e+04	9.075789e-08	1.760529e+01
1.845436e+04	9.153132e-08	1.759608e+01
1.851769e+04	9.025992e-08	1.761126e+01
1.858735e+04	9.140169e-08	1.759761e+01
1.865068e+04	9.262779e-08	1.758315e+01
1.871401e+04	9.280458e-08	1.758108e+01
1.877734e+04	9.359386e-08	1.757188e+01
1.884067e+04	9.327907e-08	1.757554e+01
1.890401e+04	9.584337e-08	1.754609e+01
1.896733e+04	9.594001e-08	1.754500e+01
1.903067e+04	9.438082e-08	1.756279e+01
1.909399e+04	9.510422e-08	1.755450e+01
1.915733e+04	9.668380e-08	1.753662e+01
1.922065e+04	9.766822e-08	1.752562e+01
1.928399e+04	9.885167e-08	1.751254e+01
1.934731e+04	9.892474e-08	1.751174e+01
1.941065e+04	9.983480e-08	1.750180e+01
1.947397e+04	1.007404e-07	1.749199e+01
1.953731e+04	1.002419e-07	1.749738e+01
1.960063e+04	1.031805e-07	1.746601e+01
1.966397e+04	1.034808e-07	1.746285e+01
1.972729e+04	9.932238e-08	1.750738e+01
1.979062e+04	1.034320e-07	1.746336e+01
1.985395e+04	1.036358e-07	1.746123e+01
1.991728e+04	1.040136e-07	1.745728e+01
1.998061e+04	9.972418e-08	1.750300e+01
2.004394e+04	1.028732e-07	1.746924e+01
2.010727e+04	1.022744e-07	1.747558e+01
2.017060e+04	1.054632e-07	1.744225e+01
2.023393e+04	1.050819e-07	1.744618e+01
2.032893e+04	1.066206e-07	1.743040e+01
2.045559e+04	1.083101e-07	1.741333e+01
2.058225e+04	1.074440e-07	1.742204e+01
2.070891e+04	1.103621e-07	1.739295e+01
2.083557e+04	1.073671e-07	1.742282e+01
2.096223e+04	1.121520e-07	1.737548e+01
2.108889e+04	1.103982e-07	1.739259e+01
2.121555e+04	1.105257e-07	1.739134e+01
2.134221e+04	1.090576e-07	1.740586e+01
2.146887e+04	1.122579e-07	1.737446e+01
2.159553e+04	1.109861e-07	1.738683e+01
2.172219e+04	1.107951e-07	1.738870e+01
2.184885e+04	1.090647e-07	1.740579e+01
2.197551e+04	1.061925e-07	1.743477e+01
2.210217e+04	1.074413e-07	1.742207e+01
2.222883e+04	1.050931e-07	1.744606e+01
2.235549e+04	1.062720e-07	1.743395e+01
2.248215e+04	1.023730e-07	1.747454e+01
2.260881e+04	1.017874e-07	1.748076e+01
2.273547e+04	1.030750e-07	1.746712e+01
2.286213e+04	1.014985e-07	1.748385e+01
2.298879e+04	1.006946e-07	1.749248e+01
2.311545e+04	1.009076e-07	1.749019e+01
2.324211e+04	1.007943e-07	1.749141e+01
2.336877e+04	1.000823e-07	1.749911e+01
2.349543e+04	1.004049e-07	1.749561e+01
2.362209e+04	9.923726e-08	1.750831e+01
2.374875e+04	9.743965e-08	1.752816e+01
2.387541e+04	9.896588e-08	1.751129e+01
2.400207e+04	9.692528e-08	1.753391e+01
2.412873e+04	9.872170e-08	1.751397e+01
2.425539e+04	9.820125e-08	1.751971e+01
2.438205e+04	9.797182e-08	1.752225e+01
2.450871e+04	9.664839e-08	1.753701e+01
2.463537e+04	9.494848e-08	1.755628e+01
2.476203e+04	9.498334e-08	1.755588e+01
2.488869e+04	9.438305e-08	1.756277e+01
2.501535e+04	9.291189e-08	1.757982e+01
2.514201e+04	9.379447e-08	1.756956e+01
2.526867e+04	9.390711e-08	1.756825e+01
2.539533e+04	9.415178e-08	1.756543e+01
2.552199e+04	9.423471e-08	1.756447e+01
2.564865e+04	9.362130e-08	1.757156e+01
2.577531e+04	9.357098e-08	1.757215e+01
2.590197e+04	9.412797e-08	1.756570e+01
2.602863e+04	9.391719e-08	1.756814e+01
2.615529e+04	9.445176e-08	1.756197e+01
2.628195e+04	9.489370e-08	1.755691e+01
2.640861e+04	9.538503e-08	1.755130e+01
2.653527e+04	9.507130e-08	1.755488e+01
2.666193e+04	9.627400e-08	1.754123e+01
2.678859e+04	9.605565e-08	1.754369e+01
2.691525e+04	9.639512e-08	1.753986e+01
2.704191e+04	9.646146e-08	1.753912e+01
2.716857e+04	9.656791e-08	1.753792e+01
2.729523e+04	9.593512e-08	1.754506e+01
2.742189e+04	9.512253e-08	1.755429e+01
2.754855e+04	9.506919e-08	1.755490e+01
2.767521e+04	9.482807e-08	1.755766e+01
2.780187e+04	9.520263e-08	1.755338e+01
2.792853e+04	9.357370e-08	1.757212e+01
2.805519e+04	9.502813e-08	1.755537e+01
2.818185e+04	9.404975e-08	1.756661e+01
2.830851e+04	9.324785e-08	1.757590e+01
2.843517e+04	9.317372e-08	1.757677e+01
2.856183e+04	9.295185e-08	1.757935e+01
2.868849e+04	9.144040e-08	1.759715e+01
2.881515e+04	9.279136e-08	1.758123e+01
2.894181e+04	9.187967e-08	1.759195e+01
2.906847e+04	7.894293e-08	1.775672e+01
2.919513e+04	8.509834e-08	1.767520e+01
2.932179e+04	8.540248e-08	1.767132e+01
2.944845e+04	7.636198e-08	1.779281e+01
2.957511e+04	8.157401e-08	1.772112e+01
2.970177e+04	7.895324e-08	1.775658e+01
2.982843e+04	7.298368e-08	1.784194e+01
2.995509e+04	7.813130e-08	1.776794e+01
3.008175e+04	7.601185e-08	1.779780e+01
3.020841e+04	7.129464e-08	1.786736e+01
3.033507e+04	7.557266e-08	1.780409e+01
3.046173e+04	7.499597e-08	1.781241e+01
3.058839e+04	7.049038e-08	1.787968e+01
3.071505e+04	7.326705e-08	1.783773e+01
3.084171e+04	7.180436e-08	1.785962e+01
3.096837e+04	7.036580e-08	1.788160e+01
3.109503e+04	7.054452e-08	1.787884e+01
3.122169e+04	7.193227e-08	1.785769e+01
3.134835e+04	6.987852e-08	1.788914e+01
3.147501e+04	6.793115e-08	1.791983e+01
3.160167e+04	6.800290e-08	1.791868e+01
3.172833e+04	7.015973e-08	1.788478e+01
3.185499e+04	6.747389e-08	1.792716e+01
3.198165e+04	6.896513e-08	1.790343e+01
3.210831e+04	7.022952e-08	1.788370e+01
3.223497e+04	6.966167e-08	1.789252e+01
3.236163e+04	6.981472e-08	1.789013e+01
3.248829e+04	7.066984e-08	1.787691e+01
3.261495e+04	7.186372e-08	1.785873e+01
3.274161e+04	7.087203e-08	1.787381e+01
3.286827e+04	7.351542e-08	1.783405e+01
3.299493e+04	7.372851e-08	1.783091e+01
3.312159e+04	7.359709e-08	1.783285e+01
3.324825e+04	7.163600e-08	1.786217e+01
3.337491e+04	7.274260e-08	1.784553e+01
3.350157e+04	7.252730e-08	1.784875e+01
3.362823e+04	7.227220e-08	1.785257e+01
3.375489e+04	7.182622e-08	1.785929e+01
3.388155e+04	7.237056e-08	1.785110e+01
3.400821e+04	7.213917e-08	1.785457e+01
3.413487e+04	7.222361e-08	1.785330e+01
3.426153e+04	7.306800e-08	1.784068e+01
3.438819e+04	7.214256e-08	1.785452e+01
3.451485e+04	7.205034e-08	1.785591e+01
3.464151e+04	7.144468e-08	1.786508e+01
3.476817e+04	7.193612e-08	1.785763e+01
3.489483e+04	7.241627e-08	1.785041e+01
3.502149e+04	7.155864e-08	1.786334e+01
3.514815e+04	7.136962e-08	1.786622e+01
3.527481e+04	7.138953e-08	1.786591e+01
3.540147e+04	7.168833e-08	1.786138e+01
3.552813e+04	6.985685e-08	1.788948e+01
3.565479e+04	7.095213e-08	1.787259e+01
3.578145e+04	7.197296e-08	1.785708e+01
3.590811e+04	7.192629e-08	1.785778e+01
3.603477e+04	7.217548e-08	1.785403e+01
3.616143e+04	7.050914e-08	1.787939e+01
3.628809e+04	7.020441e-08	1.788409e+01
3.641475e+04	7.146274e-08	1.786480e+01
3.654141e+04	7.101132e-08	1.787168e+01
3.666807e+04	7.147733e-08	1.786458e+01
3.679473e+04	7.127044e-08	1.786773e+01
3.692139e+04	7.131942e-08	1.786698e+01
3.704805e+04	7.103026e-08	1.787139e+01
3.717471e+04	7.096643e-08	1.787237e+01
3.730137e+04	6.916457e-08	1.790029e+01
3.742803e+04	7.028670e-08	1.788282e+01
3.755469e+04	6.923989e-08	1.789911e+01
3.768135e+04	6.906885e-08	1.790179e+01
3.780801e+04	6.994453e-08	1.788812e+01
3.793467e+04	6.968249e-08	1.789219e+01
3.806133e+04	7.140757e-08	1.786564e+01
3.818799e+04	7.133416e-08	1.786676e+01
3.831465e+04	7.107991e-08	1.787063e+01
3.844131e+04	7.036395e-08	1.788162e+01
3.856797e+04	7.046010e-08	1.788014e+01
3.869463e+04	7.039753e-08	1.788111e+01
3.882129e+04	7.025374e-08	1.788333e+01
3.894795e+04	7.025796e-08	1.788326e+01
3.907461e+04	7.002982e-08	1.788679e+01
3.920127e+04	7.005590e-08	1.788639e+01
3.932793e+04	7.014216e-08	1.788505e+01
3.945459e+04	6.994458e-08	1.788811e+01
3.958125e+04	7.038958e-08	1.788123e+01
3.970791e+04	7.051930e-08	1.787923e+01
3.983457e+04	7.064058e-08	1.787736e+01
3.996123e+04	7.074100e-08	1.787582e+01
4.008789e+04	7.101327e-08	1.787165e+01
4.021455e+04	7.167397e-08	1.786160e+01
4.034121e+04	7.208246e-08	1.785543e+01
4.046787e+04	7.293144e-08	1.784271e+01
4.065786e+04	7.499030e-08	1.781249e+01
4.091118e+04	8.053719e-08	1.773501e+01
4.116450e+04	8.931609e-08	1.762268e+01
4.141782e+04	1.319842e-07	1.719869e+01
4.167114e+04	1.698347e-07	1.692493e+01
4.192446e+04	2.005564e-07	1.674441e+01
4.217778e+04	1.403510e-07	1.713196e+01
4.243110e+04	9.582496e-08	1.754630e+01
4.268442e+04	8.176836e-08	1.771854e+01
4.293774e+04	7.589985e-08	1.779940e+01
4.319106e+04	7.214572e-08	1.785447e+01
4.344438e+04	7.031150e-08	1.788243e+01
4.369770e+04	6.904893e-08	1.790211e+01
4.395102e+04	6.798127e-08	1.791903e+01
4.420434e+04	6.733384e-08	1.792942e+01
4.445766e+04	6.676807e-08	1.793858e+01
4.471098e+04	6.610165e-08	1.794947e+01
4.496430e+04	6.575072e-08	1.795525e+01
4.521762e+04	6.552162e-08	1.795904e+01
4.547094e+04	6.525665e-08	1.796344e+01
4.572426e+04	6.498026e-08	1.796805e+01
4.597758e+04	6.472047e-08	1.797240e+01
4.623090e+04	6.440329e-08	1.797773e+01
4.648422e+04	6.433200e-08	1.797893e+01
4.673754e+04	6.386425e-08	1.798686e+01
4.699086e+04	6.383444e-08	1.798736e+01
4.724418e+04	6.375321e-08	1.798874e+01
4.749750e+04	6.323129e-08	1.799767e+01
4.775082e+04	6.355817e-08	1.799207e+01
4.800414e+04	6.343632e-08	1.799416e+01
4.825746e+04	6.339227e-08	1.799491e+01
4.851078e+04	6.337922e-08	1.799513e+01
4.876410e+04	6.329383e-08	1.799660e+01
4.901742e+04	6.305162e-08	1.800076e+01
4.927074e+04	6.290279e-08	1.800333e+01
4.952406e+04	6.259641e-08	1.800863e+01
4.977738e+04	6.227661e-08	1.801419e+01
5.003070e+04	6.176511e-08	1.802314e+01
5.028402e+04	6.153879e-08	1.802713e+01
5.053734e+04	6.103311e-08	1.803609e+01
5.079066e+04	6.074890e-08	1.804115e+01
5.104398e+04	6.046391e-08	1.804626e+01
5.129730e+04	5.997111e-08	1.805514e+01
5.155062e+04	5.983332e-08	1.805764e+01
5.180394e+04	5.938792e-08	1.806575e+01
5.205726e+04	5.904573e-08	1.807203e+01
5.231058e+04	5.873392e-08	1.807778e+01
5.256390e+04	5.830282e-08	1.808578e+01
5.281722e+04	5.780390e-08	1.809511e+01
5.307054e+04	5.749571e-08	1.810091e+01
5.332386e+04	5.706554e-08	1.810907e+01
5.357718e+04	5.673623e-08	1.811535e+01
5.383050e+04	5.618240e-08	1.812600e+01
5.408382e+04	5.586968e-08	1.813206e+01
5.433714e+04	5.487203e-08	1.815162e+01
5.459046e+04	5.396017e-08	1.816982e+01
5.484378e+04	5.391275e-08	1.817077e+01
5.509710e+04	5.296190e-08	1.819009e+01
5.535042e+04	5.244014e-08	1.820084e+01
5.560374e+04	5.204239e-08	1.820911e+01
5.585706e+04	5.141195e-08	1.822234e+01
5.611038e+04	5.118786e-08	1.822708e+01
5.636370e+04	5.085826e-08	1.823410e+01
5.661702e+04	5.040709e-08	1.824377e+01
5.687034e+04	5.062803e-08	1.823902e+01
5.712366e+04	5.060619e-08	1.823949e+01
5.737698e+04	5.032466e-08	1.824555e+01
5.763030e+04	5.031697e-08	1.824571e+01
5.788362e+04	5.011269e-08	1.825013e+01
5.813694e+04	4.975318e-08	1.825795e+01
5.839026e+04	5.018662e-08	1.824853e+01
5.864358e+04	4.985629e-08	1.825570e+01
5.889690e+04	4.965497e-08	1.826009e+01
5.915022e+04	4.994189e-08	1.825384e+01
5.940354e+04	4.990011e-08	1.825475e+01
5.965686e+04	4.999361e-08	1.825271e+01
5.991018e+04	5.050528e-08	1.824166e+01
6.016350e+04	5.039887e-08	1.824395e+01
6.041682e+04	5.025679e-08	1.824701e+01
6.067014e+04	5.046580e-08	1.824251e+01
6.092346e+04	5.054930e-08	1.824071e+01
6.117678e+04	5.099165e-08	1.823125e+01
6.143010e+04	5.123813e-08	1.822602e+01
6.168342e+04	5.169540e-08	1.821637e+01
6.193674e+04	5.213665e-08	1.820714e+01
6.219006e+04	5.238584e-08	1.820197e+01
6.244338e+04	5.278404e-08	1.819374e+01
6.269670e+04	5.320668e-08	1.818508e+01
6.295002e+04	5.369080e-08	1.817525e+01
6.320334e+04	5.411093e-08	1.816679e+01
6.345666e+04	5.488397e-08	1.815139e+01
6.370998e+04	5.570398e-08	1.813528e+01
6.396330e+04	5.614277e-08	1.812677e+01
6.421662e+04	5.713476e-08	1.810775e+01
6.446994e+04	5.822959e-08	1.808714e+01
6.472326e+04	5.950222e-08	1.806367e+01
6.497658e+04	6.136740e-08	1.803016e+01
6.522990e+04	6.313779e-08	1.799928e+01
6.548322e+04	6.624413e-08	1.794713e+01
6.573654e+04	6.923177e-08	1.789924e+01
6.598986e+04	7.284029e-08	1.784407e+01
6.624318e+04	7.684758e-08	1.778592e+01
6.649650e+04	8.060448e-08	1.773410e+01
6.674982e+04	8.123652e-08	1.772562e+01
6.700314e+04	8.160630e-08	1.772069e+01
6.725646e+04	8.006742e-08	1.774136e+01
6.750978e+04	7.765280e-08	1.777461e+01
6.776310e+04	7.518730e-08	1.780964e+01
6.801642e+04	7.360413e-08	1.783274e+01
6.826974e+04	7.209586e-08	1.785522e+01
6.852306e+04	7.161027e-08	1.786256e+01
6.877638e+04	7.131042e-08	1.786712e+01
6.902970e+04	7.150476e-08	1.786416e+01
6.928302e+04	7.254570e-08	1.784847e+01
6.953634e+04	7.372965e-08	1.783089e+01
6.978966e+04	7.575682e-08	1.780145e+01
7.004298e+04	7.834385e-08	1.776499e+01
7.029630e+04	8.090755e-08	1.773003e+01
7.054962e+04	8.553632e-08	1.766962e+01
7.080294e+04	8.995712e-08	1.761491e+01
7.105626e+04	9.624699e-08	1.754153e+01
7.130958e+04	1.035201e-07	1.746244e+01
7.156290e+04	1.109278e-07	1.738740e+01
7.181622e+04	1.166795e-07	1.733251e+01
7.206954e+04	1.223530e-07	1.728096e+01
7.232286e+04	1.249574e-07	1.725809e+01
7.257618e+04	1.226422e-07	1.727840e+01
7.282950e+04	1.203439e-07	1.729894e+01
7.308282e+04	1.171995e-07	1.732769e+01
7.333614e+04	1.140099e-07	1.735764e+01
7.358946e+04	1.109865e-07	1.738682e+01
7.384278e+04	1.109265e-07	1.738741e+01
7.409610e+04	1.109335e-07	1.738734e+01
7.434942e+04	1.123625e-07	1.737345e+01
7.460274e+04	1.155753e-07	1.734284e+01
7.485606e+04	1.187765e-07	1.731317e+01
7.510938e+04	1.249514e-07	1.725815e+01
7.536270e+04	1.321724e-07	1.719715e+01
7.561602e+04	1.394634e-07	1.713885e+01
7.586934e+04	1.529228e-07	1.703882e+01
7.612266e+04	1.664095e-07	1.694705e+01
7.637598e+04	1.825930e-07	1.684629e+01
7.662930e+04	2.095918e-07	1.669656e+01
7.688262e+04	2.366164e-07	1.656489e+01
7.713594e+04	2.754551e-07	1.639987e+01
7.738926e+04	3.287282e-07	1.620791e+01
7.764258e+04	3.820403e-07	1.604473e+01
7.789590e+04	4.526412e-07	1.586061e+01
7.814922e+04	5.348477e-07	1.567942e+01
7.840254e+04	6.170035e-07	1.552428e+01
7.865586e+04	6.327227e-07	1.549697e+01
7.890918e+04	6.317556e-07	1.549863e+01
7.916250e+04	6.308495e-07	1.550019e+01
7.941582e+04	5.653536e-07	1.561920e+01
7.966914e+04	4.926010e-07	1.576876e+01
7.992246e+04	4.198466e-07	1.594227e+01
8.017578e+04	3.744605e-07	1.606648e+01
8.042910e+04	3.290166e-07	1.620696e+01
8.068242e+04	2.861717e-07	1.635843e+01
8.093574e+04	2.662278e-07	1.643687e+01
8.131572e+04	2.363644e-07	1.656604e+01
8.182236e+04	2.170616e-07	1.665854e+01
8.232900e+04	2.068379e-07	1.671092e+01
8.283564e+04	2.052947e-07	1.671906e+01
8.334228e+04	2.094631e-07	1.669723e+01
8.384892e+04	2.148633e-07	1.666959e+01
8.435556e+04	2.210718e-07	1.663867e+01
8.486220e+04	2.244529e-07	1.662219e+01
8.536884e+04	2.262214e-07	1.661367e+01
8.587548e+04	2.254112e-07	1.661756e+01
8.638212e+04	2.246332e-07	1.662132e+01
8.688876e+04	2.243523e-07	1.662267e+01
8.739540e+04	2.267901e-07	1.661094e+01
8.790204e+04	2.317889e-07	1.658727e+01
8.840868e+04	2.387443e-07	1.655517e+01
8.891532e+04	2.502699e-07	1.650398e+01
8.942196e+04	2.637792e-07	1.644690e+01
8.992860e+04	2.808753e-07	1.637872e+01
9.043524e+04	3.019118e-07	1.630030e+01
9.094188e+04	3.249948e-07	1.622031e+01
9.144852e+04	3.546465e-07	1.612551e+01
9.195516e+04	3.877094e-07	1.602873e+01
9.246180e+04	4.259846e-07	1.592652e+01
9.296844e+04	4.740589e-07	1.581042e+01
9.347508e+04	5.263584e-07	1.569680e+01
9.398172e+04	6.012646e-07	1.555234e+01
9.448836e+04	6.847237e-07	1.541121e+01
9.499500e+04	7.856878e-07	1.526188e+01
9.550164e+04	8.803351e-07	1.513838e+01
9.600828e+04	9.708045e-07	1.503217e+01
9.651492e+04	1.000946e-06	1.499897e+01
9.702156e+04	1.017114e-06	1.498158e+01
9.752820e+04	1.004561e-06	1.499506e+01
9.803484e+04	9.964595e-07	1.500385e+01
9.854148e+04	9.974443e-07	1.500278e+01
9.904812e+04	9.850034e-07	1.501641e+01
9.955476e+04	9.614523e-07	1.504268e+01
1.000614e+05	9.003736e-07	1.511394e+01
1.005680e+05	8.267369e-07	1.520658e+01
1.010747e+05	7.428654e-07	1.532272e+01
1.015813e+05	6.596376e-07	1.545174e+01
1.020880e+05	5.946556e-07	1.556434e+01
1.025946e+05	5.352676e-07	1.567857e+01
1.031012e+05	4.951179e-07	1.576323e+01
1.036079e+05	4.618743e-07	1.583869e+01
1.041145e+05	4.415141e-07	1.588764e+01
1.046212e+05	4.275056e-07	1.592265e+01
1.051278e+05	4.205953e-07	1.594034e+01
1.056344e+05	4.190202e-07	1.594441e+01
1.061411e+05	4.217951e-07	1.593725e+01
1.066477e+05	4.347485e-07	1.590440e+01
1.071544e+05	4.537750e-07	1.585790e+01
1.076610e+05	4.840053e-07	1.578787e+01
1.081676e+05	5.195492e-07	1.571093e+01
1.086743e+05	5.353270e-07	1.567845e+01
1.091809e+05	5.436398e-07	1.566172e+01
1.096876e+05	5.114679e-07	1.572795e+01
1.101942e+05	4.657753e-07	1.582956e+01
1.107008e+05	4.169082e-07	1.594990e+01
1.112075e+05	3.670577e-07	1.608816e+01
1.117141e+05	3.307929e-07	1.620111e+01
1.122208e+05	2.989910e-07	1.631085e+01
1.127274e+05	2.761085e-07	1.639730e+01
1.132340e+05	2.568990e-07	1.647559e+01
1.137407e+05	2.424706e-07	1.653835e+01
1.142473e+05	2.306050e-07	1.659283e+01
1.147540e+05	2.214633e-07	1.663675e+01
1.152606e+05	2.140074e-07	1.667393e+01
1.157672e+05	2.078067e-07	1.670585e+01
1.162739e+05	2.027630e-07	1.673253e+01
1.167805e+05	1.984002e-07	1.675614e+01
1.172872e+05	1.950238e-07	1.677478e+01
1.177938e+05	1.918602e-07	1.679254e+01
1.183004e+05	1.894009e-07	1.680654e+01
1.188071e+05	1.871041e-07	1.681979e+01
1.193137e+05	1.854095e-07	1.682967e+01
1.198204e+05	1.837693e-07	1.683932e+01
1.203270e+05	1.826717e-07	1.684582e+01
1.208336e+05	1.815422e-07	1.685256e+01
1.213403e+05	1.807656e-07	1.685721e+01
1.218469e+05	1.800323e-07	1.686162e+01
1.223536e+05	1.796755e-07	1.686378e+01
1.228602e+05	1.793921e-07	1.686549e+01
1.233668e+05	1.792192e-07	1.686654e+01
1.238735e+05	1.793597e-07	1.686569e+01
1.243801e+05	1.794702e-07	1.686502e+01
1.248868e+05	1.799758e-07	1.686196e+01
1.253934e+05	1.804520e-07	1.685910e+01
1.259000e+05	1.811652e-07	1.685481e+01
1.264067e+05	1.820707e-07	1.684940e+01
1.266600e+05	1.825466e-07	1.684657e+01
1.277999e+05	1.856488e-07	1.682827e+01
1.290665e+05	1.900216e-07	1.680299e+01
1.302065e+05	1.956003e-07	1.677158e+01
1.314731e+05	2.027801e-07	1.673244e+01
1.326130e+05	2.123950e-07	1.668214e+01
1.338796e+05	2.262739e-07	1.661341e+01
1.351462e+05	2.465785e-07	1.652011e+01
1.362862e+05	2.699691e-07	1.642172e+01
1.375528e+05	3.088820e-07	1.627552e+01
1.388194e+05	3.816079e-07	1.604596e+01
1.402126e+05	5.387379e-07	1.567156e+01
1.414792e+05	1.010986e-06	1.498814e+01
1.427458e+05	1.422975e-06	1.461701e+01
1.441391e+05	1.087559e-06	1.490887e+01
1.454057e+05	7.765984e-07	1.527451e+01
1.467989e+05	5.901431e-07	1.557261e+01
1.480655e+05	5.284582e-07	1.569247e+01
1.494588e+05	5.438707e-07	1.566126e+01
1.508521e+05	5.979620e-07	1.555832e+01
1.522453e+05	6.212721e-07	1.551680e+01
1.536386e+05	5.878651e-07	1.557681e+01
1.551585e+05	5.648684e-07	1.562013e+01
1.565518e+05	6.001307e-07	1.555439e+01
1.579450e+05	7.007614e-07	1.538607e+01
1.594649e+05	7.991256e-07	1.524346e+01
1.609849e+05	7.567885e-07	1.530256e+01
1.623781e+05	6.215598e-07	1.551629e+01
1.638980e+05	5.142783e-07	1.572200e+01
1.654180e+05	4.560435e-07	1.585248e+01
1.669379e+05	4.370800e-07	1.589860e+01
1.684578e+05	4.498367e-07	1.586736e+01
1.701044e+05	4.751650e-07	1.580789e+01
1.716243e+05	4.645965e-07	1.583231e+01
1.732709e+05	4.208981e-07	1.593956e+01
1.747908e+05	3.864905e-07	1.603215e+01
1.764374e+05	3.720955e-07	1.607336e+01
1.780840e+05	3.783272e-07	1.605533e+01
1.797305e+05	3.926679e-07	1.601494e+01
1.813771e+05	3.701014e-07	1.607920e+01
1.830237e+05	3.503439e-07	1.613876e+01
1.847969e+05	3.428949e-07	1.616210e+01
1.864435e+05	3.414496e-07	1.616668e+01
1.882168e+05	3.423823e-07	1.616372e+01
1.899900e+05	3.451248e-07	1.615506e+01
1.917632e+05	3.492882e-07	1.614204e+01
1.935365e+05	3.542871e-07	1.612661e+01
1.953097e+05	3.605525e-07	1.610758e+01
1.970830e+05	3.679050e-07	1.608566e+01
1.988562e+05	3.783176e-07	1.605536e+01
2.007561e+05	3.939167e-07	1.601149e+01
2.026560e+05	4.072770e-07	1.597528e+01
2.044292e+05	4.279814e-07	1.592144e+01
2.063291e+05	4.837292e-07	1.578849e+01
2.082290e+05	6.189614e-07	1.552084e+01
2.102556e+05	5.430885e-07	1.566282e+01
2.121555e+05	5.367823e-07	1.567550e+01
2.140554e+05	5.609038e-07	1.562778e+01
2.160820e+05	5.749782e-07	1.560087e+01
2.181085e+05	5.727754e-07	1.560504e+01
2.201351e+05	5.811078e-07	1.558936e+01
2.221616e+05	5.169843e-07	1.571631e+01
2.241882e+05	4.897087e-07	1.577516e+01
2.262148e+05	4.854558e-07	1.578463e+01
2.283680e+05	4.587975e-07	1.584595e+01
2.305212e+05	4.428251e-07	1.588442e+01
2.326744e+05	4.351583e-07	1.590338e+01
2.348276e+05	4.327140e-07	1.590950e+01
2.369809e+05	4.378068e-07	1.589679e+01
2.391341e+05	4.559293e-07	1.585276e+01
2.412873e+05	4.422148e-07	1.588592e+01
2.435672e+05	4.253898e-07	1.592803e+01
2.458471e+05	4.185499e-07	1.594563e+01
2.481269e+05	4.151759e-07	1.595442e+01
2.504068e+05	4.131251e-07	1.595980e+01
2.526867e+05	4.112591e-07	1.596471e+01
2.550932e+05	4.101407e-07	1.596767e+01
2.573731e+05	4.091141e-07	1.597039e+01
2.597797e+05	4.086457e-07	1.597163e+01
2.621862e+05	4.081644e-07	1.597291e+01
2.645927e+05	4.079581e-07	1.597346e+01
2.671259e+05	4.080162e-07	1.597331e+01
2.695325e+05	4.080669e-07	1.597317e+01
2.720657e+05	4.084559e-07	1.597214e+01
2.745989e+05	4.086991e-07	1.597149e+01
2.771321e+05	4.094877e-07	1.596940e+01
2.796653e+05	4.104829e-07	1.596676e+01
2.821985e+05	4.112923e-07	1.596462e+01
2.848583e+05	4.125238e-07	1.596138e+01
2.875182e+05	4.137422e-07	1.595818e+01
2.901781e+05	4.154881e-07	1.595360e+01
2.928379e+05	4.175545e-07	1.594822e+01
2.954978e+05	4.196526e-07	1.594278e+01
2.982843e+05	4.219612e-07	1.593682e+01
3.010708e+05	4.245585e-07	1.593016e+01
3.038573e+05	4.272846e-07	1.592321e+01
3.066439e+05	4.300394e-07	1.591623e+01
3.094304e+05	4.331839e-07	1.590832e+01
3.123436e+05	4.365449e-07	1.589993e+01
3.152567e+05	4.401866e-07	1.589091e+01
3.181699e+05	4.438558e-07	1.588190e+01
3.210831e+05	4.478977e-07	1.587205e+01
3.241229e+05	4.522894e-07	1.586146e+01
3.270361e+05	4.568851e-07	1.585048e+01
3.300760e+05	4.617946e-07	1.583888e+01
3.331158e+05	4.671619e-07	1.582633e+01
3.362823e+05	4.726212e-07	1.581372e+01
3.393221e+05	4.785769e-07	1.580012e+01
3.424886e+05	4.846284e-07	1.578648e+01
3.456551e+05	4.913880e-07	1.577144e+01
3.488216e+05	4.987540e-07	1.575528e+01
3.521148e+05	5.060873e-07	1.573944e+01
3.552813e+05	5.140327e-07	1.572252e+01
3.585745e+05	5.219594e-07	1.570591e+01
3.619943e+05	5.304468e-07	1.568840e+01
3.652874e+05	5.393694e-07	1.567028e+01
3.687073e+05	5.484985e-07	1.565206e+01
3.721271e+05	5.579590e-07	1.563349e+01
3.755469e+05	5.678028e-07	1.561451e+01
3.789667e+05	5.780014e-07	1.559518e+01
3.825132e+05	5.880574e-07	1.557645e+01
3.860597e+05	5.988467e-07	1.555671e+01
3.896062e+05	6.095690e-07	1.553744e+01
3.932793e+05	6.208427e-07	1.551755e+01
3.968258e+05	6.325727e-07	1.549722e+01
4.004989e+05	6.440728e-07	1.547766e+01
4.042987e+05	6.562235e-07	1.545737e+01
4.079719e+05	6.685791e-07	1.543712e+01
4.117717e+05	6.807985e-07	1.541745e+01
4.155715e+05	6.937460e-07	1.539700e+01
4.193713e+05	7.065965e-07	1.537707e+01
4.232977e+05	7.193130e-07	1.535771e+01
4.272242e+05	7.325279e-07	1.533794e+01
4.311506e+05	7.461280e-07	1.531797e+01
4.352038e+05	7.596585e-07	1.529845e+01
4.391302e+05	7.733801e-07	1.527902e+01
4.431833e+05	7.877068e-07	1.525909e+01
4.473631e+05	8.020697e-07	1.523947e+01
4.515429e+05	8.163490e-07	1.522031e+01
4.555960e+05	8.308521e-07	1.520119e+01
4.599025e+05	8.464898e-07	1.518095e+01
4.640822e+05	8.616180e-07	1.516171e+01
4.683887e+05	8.769454e-07	1.514257e+01
4.728218e+05	8.926848e-07	1.512325e+01
4.771282e+05	9.091068e-07	1.510346e+01
4.815613e+05	9.257580e-07	1.508376e+01
4.859944e+05	9.426095e-07	1.506417e+01
4.905542e+05	9.599041e-07	1.504443e+01
4.949873e+05	9.775716e-07	1.502463e+01
4.996737e+05	9.957715e-07	1.500460e+01
5.042335e+05	1.014639e-06	1.498422e+01
5.089199e+05	1.033761e-06	1.496395e+01
5.136063e+05	1.054036e-06	1.494286e+01
5.184194e+05	1.074767e-06	1.492171e+01
5.231058e+05	1.096533e-06	1.489995e+01
5.280455e+05	1.118958e-06	1.487797e+01
5.328586e+05	1.142168e-06	1.485568e+01
5.377984e+05	1.166543e-06	1.483275e+01
5.427381e+05	1.192155e-06	1.480917e+01
5.478045e+05	1.218814e-06	1.478516e+01
5.528709e+05	1.246104e-06	1.476111e+01
5.580640e+05	1.274930e-06	1.473628e+01
5.631304e+05	1.305694e-06	1.471040e+01
5.683234e+05	1.337204e-06	1.468451e+01
5.736431e+05	1.369942e-06	1.465824e+01
5.789629e+05	1.404636e-06	1.463109e+01
5.842826e+05	1.440781e-06	1.460350e+01
5.897290e+05	1.478654e-06	1.457533e+01
5.951753e+05	1.518736e-06	1.454629e+01
6.006217e+05	1.560267e-06	1.451700e+01
6.061948e+05	1.603583e-06	1.448727e+01
6.118945e+05	1.649276e-06	1.445677e+01
6.174675e+05	1.696932e-06	1.442584e+01
6.231672e+05	1.747294e-06	1.439408e+01
6.289936e+05	1.799640e-06	1.436204e+01
6.348199e+05	1.854405e-06	1.432949e+01
6.406463e+05	1.912393e-06	1.429606e+01
6.465993e+05	1.972286e-06	1.426258e+01
6.525523e+05	2.036163e-06	1.422797e+01
6.586320e+05	2.101679e-06	1.419358e+01
6.647117e+05	2.170440e-06	1.415863e+01
6.709180e+05	2.242035e-06	1.412339e+01
6.771244e+05	2.317139e-06	1.408762e+01
6.833307e+05	2.394843e-06	1.405181e+01
6.896637e+05	2.476280e-06	1.401550e+01
6.959967e+05	2.560625e-06	1.397914e+01
7.024564e+05	2.648484e-06	1.394251e+01
7.090427e+05	2.741141e-06	1.390517e+01
7.155023e+05	2.836239e-06	1.386814e+01
7.222153e+05	2.936283e-06	1.383051e+01
7.288016e+05	3.038788e-06	1.379325e+01
7.356413e+05	3.145855e-06	1.375565e+01
7.423543e+05	3.256129e-06	1.371825e+01
7.493206e+05	3.373063e-06	1.367994e+01
7.561602e+05	3.492445e-06	1.364218e+01
7.632532e+05	3.617133e-06	1.360409e+01
7.702195e+05	3.743934e-06	1.356668e+01
7.774391e+05	3.876020e-06	1.352903e+01
7.845320e+05	4.012679e-06	1.349141e+01
7.918783e+05	4.154260e-06	1.345377e+01
7.992246e+05	4.300409e-06	1.341623e+01
8.065709e+05	4.451851e-06	1.337865e+01
8.140438e+05	4.606128e-06	1.334166e+01
8.215168e+05	4.764945e-06	1.330486e+01
8.291164e+05	4.930785e-06	1.326771e+01
8.368426e+05	5.101562e-06	1.323074e+01
8.445689e+05	5.275140e-06	1.319441e+01
8.524218e+05	5.453639e-06	1.315828e+01
8.602747e+05	5.636704e-06	1.312244e+01
8.682543e+05	5.824694e-06	1.308682e+01
8.762339e+05	6.017977e-06	1.305137e+01
8.843401e+05	6.213704e-06	1.301662e+01
8.925730e+05	6.416463e-06	1.298176e+01
9.008059e+05	6.623794e-06	1.294723e+01
9.091655e+05	6.836435e-06	1.291293e+01
9.175250e+05	7.054340e-06	1.287886e+01
9.260113e+05	7.276813e-06	1.284515e+01
9.346241e+05	7.501717e-06	1.281210e+01
9.432370e+05	7.734390e-06	1.277893e+01
9.519766e+05	7.968775e-06	1.274652e+01
9.608428e+05	8.206325e-06	1.271463e+01
9.697090e+05	8.450555e-06	1.268279e+01
9.787018e+05	8.695469e-06	1.265177e+01
9.876947e+05	8.947068e-06	1.262080e+01
9.968142e+05	9.201469e-06	1.259036e+01
1.006060e+06	9.458332e-06	1.256046e+01
1.015433e+06	9.720095e-06	1.253082e+01
1.024806e+06	9.984318e-06	1.250170e+01
1.034306e+06	1.025344e-05	1.247283e+01
1.043805e+06	1.052294e-05	1.244466e+01
1.053558e+06	1.079944e-05	1.241650e+01
1.063311e+06	1.107802e-05	1.238885e+01
1.073064e+06	1.135731e-05	1.236181e+01
1.083070e+06	1.164649e-05	1.233451e+01
1.093076e+06	1.193279e-05	1.230815e+01
1.103209e+06	1.221945e-05	1.228237e+01
1.113341e+06	1.251312e-05	1.225659e+01
1.123728e+06	1.280469e-05	1.223158e+01
1.134114e+06	1.310082e-05	1.220675e+01
1.144500e+06	1.339729e-05	1.218246e+01
1.155139e+06	1.369586e-05	1.215853e+01
1.165779e+06	1.399513e-05	1.213506e+01
1.176671e+06	1.429614e-05	1.211195e+01
1.187564e+06	1.459749e-05	1.208930e+01
1.198457e+06	1.489918e-05	1.206709e+01
1.209603e+06	1.520050e-05	1.204536e+01
1.220749e+06	1.550219e-05	1.202402e+01
1.232022e+06	1.580349e-05	1.200312e+01
1.243421e+06	1.610514e-05	1.198259e+01
1.254947e+06	1.640678e-05	1.196244e+01
1.266600e+06	1.671089e-05	1.194250e+01
1.277999e+06	1.701005e-05	1.192324e+01
1.290665e+06	1.730919e-05	1.190431e+01
1.302065e+06	1.760870e-05	1.188568e+01
1.314731e+06	1.790538e-05	1.186754e+01
1.326130e+06	1.819992e-05	1.184983e+01
1.338796e+06	1.849202e-05	1.183254e+01
1.351462e+06	1.878619e-05	1.181540e+01
1.362862e+06	1.907824e-05	1.179865e+01
1.375528e+06	1.937031e-05	1.178216e+01
1.388194e+06	1.965990e-05	1.176605e+01
1.402126e+06	1.994985e-05	1.175015e+01
1.414792e+06	2.023697e-05	1.173464e+01
1.427458e+06	2.052443e-05	1.171932e+01
1.441391e+06	2.081684e-05	1.170396e+01
1.454057e+06	2.110433e-05	1.168907e+01
1.467989e+06	2.139391e-05	1.167427e+01
1.480655e+06	2.168879e-05	1.165941e+01
1.494588e+06	2.197871e-05	1.164499e+01
1.508521e+06	2.226656e-05	1.163087e+01
1.522453e+06	2.255649e-05	1.161682e+01
1.536386e+06	2.284680e-05	1.160294e+01
1.551585e+06	2.314168e-05	1.158901e+01
1.565518e+06	2.343904e-05	1.157515e+01
1.579450e+06	2.373922e-05	1.156133e+01
1.594649e+06	2.404435e-05	1.154747e+01
1.609849e+06	2.435441e-05	1.153356e+01
1.623781e+06	2.466348e-05	1.151986e+01
1.638980e+06	2.498344e-05	1.150587e+01
1.654180e+06	2.530376e-05	1.149204e+01
1.669379e+06	2.564581e-05	1.147746e+01
1.684578e+06	2.594474e-05	1.146488e+01
1.701044e+06	2.626106e-05	1.145172e+01
1.716243e+06	2.655632e-05	1.143958e+01
1.732709e+06	2.682687e-05	1.142858e+01
1.747908e+06	2.704807e-05	1.141966e+01
1.764374e+06	2.719887e-05	1.141362e+01
1.780840e+06	2.732131e-05	1.140875e+01
1.797305e+06	2.739436e-05	1.140585e+01
1.813771e+06	2.741806e-05	1.140491e+01
1.830237e+06	2.739607e-05	1.140578e+01
1.847969e+06	2.734578e-05	1.140777e+01
1.864435e+06	2.727449e-05	1.141061e+01
1.882168e+06	2.719953e-05	1.141360e+01
1.899900e+06	2.712459e-05	1.141659e+01
1.917632e+06	2.702504e-05	1.142058e+01
1.935365e+06	2.692913e-05	1.142444e+01
1.953097e+06	2.682960e-05	1.142846e+01
1.970830e+06	2.673009e-05	1.143250e+01
1.988562e+06	2.663061e-05	1.143655e+01
2.007561e+06	2.653475e-05	1.144046e+01
2.026560e+06	2.643529e-05	1.144454e+01
2.044292e+06	2.633586e-05	1.144863e+01
2.063291e+06	2.621542e-05	1.145361e+01
2.082290e+06	2.609499e-05	1.145861e+01
2.102556e+06	2.599196e-05	1.146290e+01
2.121555e+06	2.587155e-05	1.146794e+01
2.140554e+06	2.574752e-05	1.147316e+01
2.160820e+06	2.562713e-05	1.147825e+01
2.181085e+06	2.548213e-05	1.148441e+01
2.201351e+06	2.535812e-05	1.148971e+01
2.221616e+06	2.520950e-05	1.149609e+01
2.241882e+06	2.506452e-05	1.150235e+01
2.262148e+06	2.491700e-05	1.150876e+01
2.283680e+06	2.476913e-05	1.151522e+01
2.305212e+06	2.462089e-05	1.152174e+01
2.326744e+06	2.444810e-05	1.152939e+01
2.348276e+06	2.428127e-05	1.153682e+01
2.369809e+06	2.410986e-05	1.154451e+01
2.391341e+06	2.393318e-05	1.155250e+01
2.412873e+06	2.375158e-05	1.156077e+01
2.435672e+06	2.356754e-05	1.156921e+01
2.458471e+06	2.337646e-05	1.157805e+01
2.481269e+06	2.318503e-05	1.158698e+01
2.504068e+06	2.298622e-05	1.159633e+01
2.526867e+06	2.278459e-05	1.160590e+01
2.550932e+06	2.257629e-05	1.161587e+01
2.573731e+06	2.236763e-05	1.162595e+01
2.597797e+06	2.215407e-05	1.163637e+01
2.621862e+06	2.193805e-05	1.164700e+01
2.645927e+06	2.171711e-05	1.165799e+01
2.671259e+06	2.149372e-05	1.166922e+01
2.695325e+06	2.126749e-05	1.168071e+01
2.720657e+06	2.103918e-05	1.169243e+01
2.745989e+06	2.080595e-05	1.170453e+01
2.771321e+06	2.057236e-05	1.171679e+01
2.796653e+06	2.033669e-05	1.172930e+01
2.821985e+06	2.009610e-05	1.174222e+01
2.848583e+06	1.985760e-05	1.175518e+01
2.875182e+06	1.961457e-05	1.176855e+01
2.901781e+06	1.937118e-05	1.178211e+01
2.928379e+06	1.912568e-05	1.179596e+01
2.954978e+06	1.888193e-05	1.180988e+01
2.982843e+06	1.863400e-05	1.182424e+01
3.010708e+06	1.838570e-05	1.183880e+01
3.038573e+06	1.813531e-05	1.185369e+01
3.066439e+06	1.787927e-05	1.186913e+01
3.094304e+06	1.761866e-05	1.188507e+01
3.123436e+06	1.735562e-05	1.190140e+01
3.152567e+06	1.709009e-05	1.191814e+01
3.181699e+06	1.681681e-05	1.193564e+01
3.210831e+06	1.653651e-05	1.195389e+01
3.241229e+06	1.625621e-05	1.197245e+01
3.270361e+06	1.597557e-05	1.199136e+01
3.300760e+06	1.569529e-05	1.201058e+01
3.331158e+06	1.541712e-05	1.202999e+01
3.362823e+06	1.514143e-05	1.204958e+01
3.393221e+06	1.486610e-05	1.206951e+01
3.424886e+06	1.459500e-05	1.208949e+01
3.456551e+06	1.432464e-05	1.210979e+01
3.488216e+06	1.405882e-05	1.213013e+01
3.521148e+06	1.379798e-05	1.215046e+01
3.552813e+06	1.353749e-05	1.217115e+01
3.585745e+06	1.328122e-05	1.219191e+01
3.619943e+06	1.302778e-05	1.221282e+01
3.652874e+06	1.277681e-05	1.223394e+01
3.687073e+06	1.252832e-05	1.225527e+01
3.721271e+06	1.228230e-05	1.227680e+01
3.755469e+06	1.203875e-05	1.229855e+01
3.789667e+06	1.180014e-05	1.232028e+01
3.825132e+06	1.156364e-05	1.234226e+01
3.860597e+06	1.132997e-05	1.236443e+01
3.896062e+06	1.109877e-05	1.238681e+01
3.932793e+06	1.087215e-05	1.240921e+01
3.968258e+06	1.064836e-05	1.243179e+01
4.004989e+06	1.042668e-05	1.245464e+01
4.042987e+06	1.020783e-05	1.247767e+01
4.079719e+06	9.993917e-06	1.250066e+01
4.117717e+06	9.782113e-06	1.252392e+01
4.155715e+06	9.575242e-06	1.254713e+01
4.193713e+06	9.368743e-06	1.257080e+01
4.232977e+06	9.166813e-06	1.259445e+01
4.272242e+06	8.969817e-06	1.261804e+01
4.311506e+06	8.773193e-06	1.264211e+01
4.352038e+06	8.581139e-06	1.266614e+01
4.391302e+06	8.393654e-06	1.269012e+01
4.431833e+06	8.206902e-06	1.271455e+01
4.473631e+06	8.024721e-06	1.273893e+01
4.515429e+06	7.845008e-06	1.276352e+01
4.555960e+06	7.668129e-06	1.278828e+01
4.599025e+06	7.495458e-06	1.281300e+01
4.640822e+06	7.325618e-06	1.283789e+01
4.683887e+06	7.158608e-06	1.286293e+01
4.728218e+06	6.995807e-06	1.288791e+01
4.771282e+06	6.833736e-06	1.291335e+01
4.815613e+06	6.676235e-06	1.293867e+01
4.859944e+06	6.523304e-06	1.296383e+01
4.905542e+06	6.370740e-06	1.298953e+01
4.949873e+06	6.222745e-06	1.301504e+01
4.996737e+06	6.075480e-06	1.304105e+01
5.042335e+06	5.932422e-06	1.306692e+01
5.089199e+06	5.792194e-06	1.309289e+01
5.136063e+06	5.656536e-06	1.311862e+01
5.184194e+06	5.521244e-06	1.314491e+01
5.231058e+06	5.388784e-06	1.317127e+01
5.280455e+06	5.260530e-06	1.319743e+01
5.328586e+06	5.134740e-06	1.322370e+01
5.377984e+06	5.011782e-06	1.325002e+01
5.427381e+06	4.888829e-06	1.327699e+01
5.478045e+06	4.770807e-06	1.330352e+01
5.528709e+06	4.654889e-06	1.333023e+01
5.580640e+06	4.541800e-06	1.335693e+01
5.631304e+06	4.430815e-06	1.338379e+01
5.683234e+06	4.322661e-06	1.341062e+01
5.736431e+06	4.216609e-06	1.343759e+01
5.789629e+06	4.110926e-06	1.346515e+01
5.842826e+06	4.009808e-06	1.349219e+01
5.897290e+06	3.911157e-06	1.351924e+01
5.951753e+06	3.812871e-06	1.354687e+01
6.006217e+06	3.717052e-06	1.357450e+01
6.061948e+06	3.625801e-06	1.360149e+01
6.118945e+06	3.534554e-06	1.362916e+01
6.174675e+06	3.446132e-06	1.365667e+01
6.231672e+06	3.357717e-06	1.368489e+01
6.289936e+06	3.273864e-06	1.371235e+01
6.348199e+06	3.190019e-06	1.374052e+01
6.406463e+06	3.108999e-06	1.376845e+01
6.465993e+06	3.030083e-06	1.379636e+01
6.525523e+06	2.953632e-06	1.382411e+01
6.586320e+06	2.877548e-06	1.385244e+01
6.647117e+06	2.803565e-06	1.388072e+01
6.709180e+06	2.732048e-06	1.390878e+01
6.771244e+06	2.662997e-06	1.393657e+01
6.833307e+06	2.593950e-06	1.396510e+01
6.896637e+06	2.527365e-06	1.399333e+01
6.959967e+06	2.461640e-06	1.402194e+01
7.024564e+06	2.398088e-06	1.405034e+01
7.090427e+06	2.335807e-06	1.407891e+01
7.155023e+06	2.275217e-06	1.410744e+01
7.222153e+06	2.216106e-06	1.413602e+01
7.288016e+06	2.158473e-06	1.416463e+01
7.356413e+06	2.102076e-06	1.419338e+01
7.423543e+06	2.047158e-06	1.422212e+01
7.493206e+06	1.993718e-06	1.425084e+01
7.561602e+06	1.941512e-06	1.427965e+01
7.632532e+06	1.890542e-06	1.430853e+01
7.702195e+06	1.840766e-06	1.433750e+01
7.774391e+06	1.792260e-06	1.436650e+01
7.845320e+06	1.744987e-06	1.439552e+01
7.918783e+06	1.698947e-06	1.442455e+01
7.992246e+06	1.654104e-06	1.445359e+01
8.065709e+06	1.610283e-06	1.448274e+01
8.140438e+06	1.567660e-06	1.451187e+01
8.215168e+06	1.526023e-06	1.454110e+01
8.291164e+06	1.485619e-06	1.457023e+01
8.368426e+06	1.446202e-06	1.459943e+01
8.445689e+06	1.407807e-06	1.462864e+01
8.524218e+06	1.370573e-06	1.465774e+01
8.602747e+06	1.334151e-06	1.468699e+01
8.682543e+06	1.298433e-06	1.471645e+01
8.762339e+06	1.263701e-06	1.474589e+01
8.843401e+06	1.229955e-06	1.477528e+01
8.925730e+06	1.196950e-06	1.480481e+01
9.008059e+06	1.164931e-06	1.483425e+01
9.091655e+06	1.133615e-06	1.486384e+01
9.175250e+06	1.103075e-06	1.489349e+01
9.260113e+06	1.073276e-06	1.492322e+01
9.346241e+06	1.044462e-06	1.495277e+01
9.432370e+06	1.016142e-06	1.498261e+01
9.519766e+06	9.887722e-07	1.501226e+01
9.608428e+06	9.619320e-07	1.504214e+01
9.697090e+06	9.358313e-07	1.507201e+01
9.787018e+06	9.104702e-07	1.510184e+01
9.876947e+06	8.858129e-07	1.513165e+01
9.968142e+06	8.616849e-07	1.516163e+01
1.006060e+07	8.382604e-07	1.519155e+01
1.015433e+07	8.153293e-07	1.522167e+01
1.024806e+07	7.929276e-07	1.525192e+01
1.034306e+07	7.712654e-07	1.528199e+01
1.043805e+07	7.500603e-07	1.531226e+01
1.053558e+07	7.295947e-07	1.534230e+01
1.063311e+07	7.094125e-07	1.537275e+01
1.073064e+07	6.896871e-07	1.540337e+01
1.083070e+07	6.707010e-07	1.543368e+01
1.093076e+07	6.522084e-07	1.546403e+01
1.103209e+07	6.339987e-07	1.549478e+01
1.113341e+07	6.164923e-07	1.552518e+01
1.123728e+07	5.992327e-07	1.555601e+01
1.134114e+07	5.825024e-07	1.558676e+01
1.144500e+07	5.662290e-07	1.561752e+01
1.155139e+07	5.504488e-07	1.564821e+01
1.165779e+07	5.349514e-07	1.567921e+01
1.176671e+07	5.199111e-07	1.571018e+01
1.187564e+07	5.053635e-07	1.574099e+01
1.198457e+07	4.910629e-07	1.577216e+01
1.209603e+07	4.772555e-07	1.580312e+01
1.220749e+07	4.637308e-07	1.583434e+01
1.232022e+07	4.506628e-07	1.586537e+01
1.243421e+07	4.378418e-07	1.589671e+01
1.254947e+07	4.255135e-07	1.592772e+01
1.266600e+07	4.134321e-07	1.595899e+01
1.277999e+07	4.016334e-07	1.599043e+01
1.290665e+07	3.902917e-07	1.602153e+01
1.302065e+07	3.791965e-07	1.605284e+01
1.314731e+07	3.685580e-07	1.608374e+01
1.326130e+07	3.579922e-07	1.611532e+01
1.338796e+07	3.478469e-07	1.614653e+01
1.351462e+07	3.377745e-07	1.617843e+01
1.362862e+07	3.281586e-07	1.620979e+01
1.375528e+07	3.187894e-07	1.624124e+01
1.388194e+07	3.096667e-07	1.627276e+01
1.402126e+07	3.007908e-07	1.630434e+01
1.414792e+07	2.921975e-07	1.633581e+01
1.427458e+07	2.838144e-07	1.636741e+01
1.441391e+07	2.756781e-07	1.639899e+01
1.454057e+07	2.677882e-07	1.643052e+01
1.467989e+07	2.601087e-07	1.646211e+01
1.480655e+07	2.527120e-07	1.649344e+01
1.494588e+07	2.453373e-07	1.652559e+01
1.508521e+07	2.382610e-07	1.655737e+01
1.522453e+07	2.314068e-07	1.658906e+01
1.536386e+07	2.247288e-07	1.662085e+01
1.551585e+07	2.182444e-07	1.665264e+01
1.565518e+07	2.119326e-07	1.668451e+01
1.579450e+07	2.058181e-07	1.671629e+01
1.594649e+07	1.998551e-07	1.674821e+01
1.609849e+07	1.940822e-07	1.678004e+01
1.623781e+07	1.884644e-07	1.681193e+01
1.638980e+07	1.829910e-07	1.684393e+01
1.654180e+07	1.776901e-07	1.687584e+01
1.669379e+07	1.725372e-07	1.690779e+01
1.684578e+07	1.675322e-07	1.693975e+01
1.701044e+07	1.626751e-07	1.697170e+01
1.716243e+07	1.579449e-07	1.700374e+01
1.732709e+07	1.533591e-07	1.703573e+01
1.747908e+07	1.489175e-07	1.706764e+01
1.764374e+07	1.445819e-07	1.709972e+01
1.780840e+07	1.403869e-07	1.713168e+01
1.797305e+07	1.362942e-07	1.716381e+01
1.813771e+07	1.323284e-07	1.719587e+01
1.830237e+07	1.284822e-07	1.722789e+01
1.847969e+07	1.247346e-07	1.726003e+01
1.864435e+07	1.211104e-07	1.729205e+01
1.882168e+07	1.175847e-07	1.732412e+01
1.899900e+07	1.141577e-07	1.735624e+01
1.917632e+07	1.108503e-07	1.738816e+01
1.935365e+07	1.076205e-07	1.742026e+01
1.953097e+07	1.044893e-07	1.745232e+01
1.970830e+07	1.014568e-07	1.748430e+01
1.988562e+07	9.849824e-08	1.751643e+01
2.007561e+07	9.563465e-08	1.754846e+01
2.026560e+07	9.284866e-08	1.758056e+01
2.044292e+07	9.014029e-08	1.761270e+01
2.063291e+07	8.752326e-08	1.764469e+01
2.082290e+07	8.496280e-08	1.767693e+01
2.102556e+07	8.249370e-08	1.770895e+01
2.121555e+07	8.008119e-08	1.774117e+01
2.140554e+07	7.776001e-08	1.777311e+01
2.160820e+07	7.549180e-08	1.780525e+01
2.181085e+07	7.329754e-08	1.783728e+01
2.201351e+07	7.115260e-08	1.786952e+01
2.221616e+07	6.908161e-08	1.790159e+01
2.241882e+07	6.708097e-08	1.793350e+01
2.262148e+07	6.511226e-08	1.796584e+01
2.283680e+07	6.323485e-08	1.799761e+01
2.305212e+07	6.138578e-08	1.802983e+01
2.326744e+07	5.958965e-08	1.806207e+01
2.348276e+07	5.786020e-08	1.809405e+01
2.369809e+07	5.618369e-08	1.812597e+01
2.391341e+07	5.455650e-08	1.815788e+01
2.412873e+07	5.295398e-08	1.819025e+01
2.435672e+07	5.142540e-08	1.822206e+01
2.458471e+07	4.992149e-08	1.825428e+01
2.481269e+07	4.848788e-08	1.828592e+01
2.504068e+07	4.706158e-08	1.831833e+01
2.526867e+07	4.570559e-08	1.835008e+01
2.550932e+07	4.437426e-08	1.838217e+01
2.573731e+07	4.308861e-08	1.841409e+01
2.597797e+07	4.183125e-08	1.844625e+01
2.621862e+07	4.062318e-08	1.847807e+01
2.645927e+07	3.943979e-08	1.851016e+01
2.671259e+07	3.830567e-08	1.854184e+01
2.695325e+07	3.719624e-08	1.857375e+01
2.720657e+07	3.611146e-08	1.860589e+01
2.745989e+07	3.507236e-08	1.863759e+01
2.771321e+07	3.406152e-08	1.866934e+01
2.796653e+07	3.307535e-08	1.870124e+01
2.821985e+07	3.211386e-08	1.873327e+01
2.848583e+07	3.117699e-08	1.876541e+01
2.875182e+07	3.028943e-08	1.879677e+01
2.901781e+07	2.940191e-08	1.882906e+01
2.928379e+07	2.856365e-08	1.886047e+01
2.954978e+07	2.772542e-08	1.889280e+01
2.982843e+07	2.693648e-08	1.892415e+01
3.010708e+07	2.614757e-08	1.895642e+01
3.038573e+07	2.540793e-08	1.898758e+01
3.066439e+07	2.466831e-08	1.901965e+01
3.094304e+07	2.396140e-08	1.905122e+01
3.123436e+07	2.327318e-08	1.908286e+01
3.152567e+07	2.260260e-08	1.911460e+01
3.181699e+07	2.195382e-08	1.914622e+01
3.210831e+07	2.132479e-08	1.917779e+01
3.241229e+07	2.071090e-08	1.920950e+01
3.270361e+07	2.011885e-08	1.924099e+01
3.300760e+07	1.954194e-08	1.927258e+01
3.331158e+07	1.898194e-08	1.930415e+01
3.362823e+07	1.843919e-08	1.933565e+01
3.393221e+07	1.791159e-08	1.936716e+01
3.424886e+07	1.740089e-08	1.939857e+01
3.456551e+07	1.690288e-08	1.943010e+01
3.488216e+07	1.642177e-08	1.946145e+01
3.521148e+07	1.595298e-08	1.949290e+01
3.552813e+07	1.549899e-08	1.952424e+01
3.585745e+07	1.505768e-08	1.955560e+01
3.619943e+07	1.462870e-08	1.958699e+01
3.652874e+07	1.421416e-08	1.961820e+01
3.687073e+07	1.380983e-08	1.964953e+01
3.721271e+07	1.341748e-08	1.968082e+01
3.755469e+07	1.303781e-08	1.971199e+01
3.789667e+07	1.266764e-08	1.974326e+01
3.825132e+07	1.230769e-08	1.977456e+01
3.860597e+07	1.195971e-08	1.980570e+01
3.896062e+07	1.161949e-08	1.983703e+01
3.932793e+07	1.128912e-08	1.986835e+01
3.968258e+07	1.097073e-08	1.989941e+01
4.004989e+07	1.065973e-08	1.993063e+01
4.042987e+07	1.035649e-08	1.996197e+01
4.079719e+07	1.006311e-08	1.999317e+01
4.117717e+07	9.779589e-09	2.002420e+01
4.155715e+07	9.503105e-09	2.005534e+01
4.193713e+07	9.234378e-09	2.008648e+01
4.232977e+07	8.975149e-09	2.011740e+01
4.272242e+07	8.721217e-09	2.014856e+01
4.311506e+07	8.476781e-09	2.017942e+01
4.352038e+07	8.237641e-09	2.021049e+01
4.391302e+07	8.005897e-09	2.024148e+01
4.431833e+07	7.781546e-09	2.027234e+01
4.473631e+07	7.564229e-09	2.030309e+01
4.515429e+07	7.351845e-09	2.033401e+01
4.555960e+07	7.145119e-09	2.036498e+01
4.599025e+07	6.945061e-09	2.039581e+01
4.640822e+07	6.750297e-09	2.042669e+01
4.683887e+07	6.562566e-09	2.045732e+01
4.728218e+07	6.380127e-09	2.048793e+01
4.771282e+07	6.200158e-09	2.051899e+01
4.815613e+07	6.027582e-09	2.054964e+01
4.859944e+07	5.859937e-09	2.058027e+01
4.905542e+07	5.696860e-09	2.061091e+01
4.949873e+07	5.539077e-09	2.064141e+01
4.996737e+07	5.385861e-09	2.067186e+01
5.042335e+07	5.235837e-09	2.070253e+01
5.089199e+07	5.090018e-09	2.073320e+01
5.136063e+07	4.949493e-09	2.076360e+01
5.184194e+07	4.811432e-09	2.079431e+01
5.231058e+07	4.678302e-09	2.082478e+01
5.280455e+07	4.549741e-09	2.085503e+01
5.328586e+07	4.424007e-09	2.088546e+01
5.377984e+07	4.300739e-09	2.091614e+01
5.427381e+07	4.182040e-09	2.094653e+01
5.478045e+07	4.066167e-09	2.097704e+01
5.528709e+07	3.953124e-09	2.100765e+01
5.580640e+07	3.844286e-09	2.103796e+01
5.631304e+07	3.738275e-09	2.106832e+01
5.683234e+07	3.636830e-09	2.109819e+01
5.736431e+07	3.535753e-09	2.112880e+01
5.789629e+07	3.439603e-09	2.115873e+01
5.842826e+07	3.343456e-09	2.118951e+01
5.897290e+07	3.252236e-09	2.121954e+01
5.951753e+07	3.163483e-09	2.124959e+01
6.006217e+07	3.076834e-09	2.127974e+01
6.061948e+07	2.993011e-09	2.130973e+01
6.118945e+07	2.909554e-09	2.134043e+01
6.174675e+07	2.830298e-09	2.137042e+01
6.231672e+07	2.753871e-09	2.140014e+01
6.289936e+07	2.677446e-09	2.143070e+01
6.348199e+07	2.605589e-09	2.146024e+01
6.406463e+07	2.534094e-09	2.149044e+01
6.465993e+07	2.465063e-09	2.152043e+01
6.525523e+07	2.398042e-09	2.155036e+01
6.586320e+07	2.332674e-09	2.158037e+01
6.647117e+07	2.269241e-09	2.161030e+01
6.709180e+07	2.207572e-09	2.164021e+01
6.771244e+07	2.147628e-09	2.167010e+01
6.833307e+07	2.089162e-09	2.170007e+01
6.896637e+07	2.032423e-09	2.172996e+01
6.959967e+07	1.977373e-09	2.175978e+01
7.024564e+07	1.923838e-09	2.178958e+01
7.090427e+07	1.871783e-09	2.181936e+01
7.155023e+07	1.820961e-09	2.184925e+01
7.222153e+07	1.771864e-09	2.187892e+01
7.288016e+07	1.724000e-09	2.190866e+01
7.356413e+07	1.677369e-09	2.193843e+01
7.423543e+07	1.632216e-09	2.196806e+01
7.493206e+07	1.588050e-09	2.199784e+01
7.561602e+07	1.545364e-09	2.202742e+01
7.632532e+07	1.503909e-09	2.205695e+01
7.702195e+07	1.463441e-09	2.208656e+01
7.774391e+07	1.423960e-09	2.211626e+01
7.845320e+07	1.385747e-09	2.214579e+01
7.918783e+07	1.348694e-09	2.217522e+01
7.992246e+07	1.312453e-09	2.220479e+01
8.065709e+07	1.277373e-09	2.223421e+01
8.140438e+07	1.243104e-09	2.226373e+01
8.215168e+07	1.209786e-09	2.229323e+01
8.291164e+07	1.177490e-09	2.232261e+01
8.368426e+07	1.146107e-09	2.235194e+01
8.445689e+07	1.115537e-09	2.238129e+01
8.524218e+07	1.085706e-09	2.241072e+01
8.602747e+07	1.056825e-09	2.243999e+01
8.682543e+07	1.028684e-09	2.246929e+01
8.762339e+07	1.001283e-09	2.249861e+01
8.843401e+07	9.748669e-10	2.252764e+01
8.925730e+07	9.487345e-10	2.255714e+01
9.008059e+07	9.235515e-10	2.258635e+01
9.091655e+07	8.991082e-10	2.261547e+01
9.175250e+07	8.751944e-10	2.264474e+01
9.260113e+07	8.519839e-10	2.267392e+01
9.346241e+07	8.293026e-10	2.270322e+01
9.432370e+07	8.073248e-10	2.273238e+01
9.519766e+07	7.858764e-10	2.276161e+01
9.608428e+07	7.651313e-10	2.279066e+01
9.697090e+07	7.449153e-10	2.281973e+01
9.787018e+07	7.251562e-10	2.284892e+01
9.876947e+07	7.061367e-10	2.287778e+01
9.968142e+07	6.874002e-10	2.290698e+01
1.006060e+08	6.693667e-10	2.293584e+01
1.015433e+08	6.516164e-10	2.296502e+01
1.024806e+08	6.346053e-10	2.299374e+01
1.034306e+08	6.178047e-10	2.302287e+01
1.043805e+08	6.015336e-10	2.305185e+01
1.053558e+08	5.857553e-10	2.308071e+01
1.063311e+08	5.704338e-10	2.310949e+01
1.073064e+08	5.556053e-10	2.313808e+01
1.083070e+08	5.410597e-10	2.316689e+01
1.093076e+08	5.267609e-10	2.319597e+01
1.103209e+08	5.129549e-10	2.322480e+01
1.113341e+08	4.996057e-10	2.325343e+01
1.123728e+08	4.865395e-10	2.328220e+01
1.134114e+08	4.739297e-10	2.331072e+01
1.144500e+08	4.613566e-10	2.333991e+01
1.155139e+08	4.492763e-10	2.336872e+01
1.165779e+08	4.374064e-10	2.339779e+01
1.176671e+08	4.260657e-10	2.342631e+01
1.187564e+08	4.147253e-10	2.345560e+01
1.198457e+08	4.038414e-10	2.348447e+01
1.209603e+08	3.932404e-10	2.351335e+01
1.220749e+08	3.828859e-10	2.354233e+01
1.232022e+08	3.729881e-10	2.357076e+01
1.243421e+08	3.631268e-10	2.359985e+01
1.254947e+08	3.535119e-10	2.362899e+01
1.266600e+08	3.443538e-10	2.365749e+01
