#wave(A)    	flux(maggies)	flux(ABmag)
1.155700e+02	1.892769e-63	1.568073e+02
1.193800e+02	1.892769e-63	1.568073e+02
1.219200e+02	1.892769e-63	1.568073e+02
1.244600e+02	1.892769e-63	1.568073e+02
1.270000e+02	1.892769e-63	1.568073e+02
1.295400e+02	1.892769e-63	1.568073e+02
1.320800e+02	1.892769e-63	1.568073e+02
1.346200e+02	1.892769e-63	1.568073e+02
1.371600e+02	1.892769e-63	1.568073e+02
1.397000e+02	1.892769e-63	1.568073e+02
1.447800e+02	1.892769e-63	1.568073e+02
1.498600e+02	1.892769e-63	1.568073e+02
1.536700e+02	1.892769e-63	1.568073e+02
1.587500e+02	1.892769e-63	1.568073e+02
1.612900e+02	1.892769e-63	1.568073e+02
1.625600e+02	1.892769e-63	1.568073e+02
1.663700e+02	1.892769e-63	1.568073e+02
1.676400e+02	1.892769e-63	1.568073e+02
1.701800e+02	1.892769e-63	1.568073e+02
1.739900e+02	1.892769e-63	1.568073e+02
1.778000e+02	1.892769e-63	1.568073e+02
1.816100e+02	1.892769e-63	1.568073e+02
1.866900e+02	1.892769e-63	1.568073e+02
1.917700e+02	1.892769e-63	1.568073e+02
1.968500e+02	1.892769e-63	1.568073e+02
2.019300e+02	1.892769e-63	1.568073e+02
2.057400e+02	1.892769e-63	1.568073e+02
2.108200e+02	1.892769e-63	1.568073e+02
2.159000e+02	1.892769e-63	1.568073e+02
2.197100e+02	1.892769e-63	1.568073e+02
2.247900e+02	1.892769e-63	1.568073e+02
2.286000e+02	1.892769e-63	1.568073e+02
2.311400e+02	1.892769e-63	1.568073e+02
2.362200e+02	1.892769e-63	1.568073e+02
2.425700e+02	1.892769e-63	1.568073e+02
2.463800e+02	1.892769e-63	1.568073e+02
2.514600e+02	1.892769e-63	1.568073e+02
2.565400e+02	1.892769e-63	1.568073e+02
2.603500e+02	1.892769e-63	1.568073e+02
2.667000e+02	1.892769e-63	1.568073e+02
2.743200e+02	1.892769e-63	1.568073e+02
2.794000e+02	1.892769e-63	1.568073e+02
2.832100e+02	1.892769e-63	1.568073e+02
2.882900e+02	1.892769e-63	1.568073e+02
2.921000e+02	6.186636e-62	1.530214e+02
2.971800e+02	1.132911e-58	1.448645e+02
3.048000e+02	2.003127e-54	1.342457e+02
3.124200e+02	7.572624e-51	1.253019e+02
3.200400e+02	1.359984e-47	1.171662e+02
3.263900e+02	2.483395e-45	1.115124e+02
3.302000e+02	5.220586e-44	1.082057e+02
3.352800e+02	2.694095e-42	1.039240e+02
3.416300e+02	2.334649e-40	9.907945e+01
3.479800e+02	1.676195e-38	9.443919e+01
3.543300e+02	5.919576e-37	9.056927e+01
3.606800e+02	2.235442e-35	8.662659e+01
3.683000e+02	8.459329e-34	8.268166e+01
3.759200e+02	3.171926e-32	7.874669e+01
3.822700e+02	4.859109e-31	7.578361e+01
3.911600e+02	1.475513e-29	7.207764e+01
4.038600e+02	1.353617e-27	6.717126e+01
4.165600e+02	7.223190e-26	6.285318e+01
4.292600e+02	1.649606e-24	5.945655e+01
4.419600e+02	3.396738e-23	5.617234e+01
4.533900e+02	3.239713e-22	5.372373e+01
4.648200e+02	2.931723e-21	5.133219e+01
4.762500e+02	1.445039e-20	4.960030e+01
4.889500e+02	1.215007e-19	4.728855e+01
5.016500e+02	6.232816e-19	4.551329e+01
5.143500e+02	2.814426e-18	4.387653e+01
5.257800e+02	9.779039e-18	4.252426e+01
5.359400e+02	2.509523e-17	4.150102e+01
5.461000e+02	6.200614e-17	4.051891e+01
5.600700e+02	1.708647e-16	3.941837e+01
5.727700e+02	4.547453e-16	3.835558e+01
5.842000e+02	9.242746e-16	3.758550e+01
5.969000e+02	2.106401e-15	3.669115e+01
6.096000e+02	3.757199e-15	3.606284e+01
6.223000e+02	6.386450e-15	3.548685e+01
6.350000e+02	1.322105e-14	3.469683e+01
6.426200e+02	1.898414e-14	3.430402e+01
6.502400e+02	2.391651e-14	3.405326e+01
6.604000e+02	3.744845e-14	3.356642e+01
6.731000e+02	5.611783e-14	3.312725e+01
6.858000e+02	7.284316e-14	3.284403e+01
6.985000e+02	1.128102e-13	3.236913e+01
7.112000e+02	1.645177e-13	3.195947e+01
7.239000e+02	2.149389e-13	3.166921e+01
7.366000e+02	2.870752e-13	3.135501e+01
7.493000e+02	3.810097e-13	3.104766e+01
7.620000e+02	4.328291e-13	3.090921e+01
7.747000e+02	5.266855e-13	3.069612e+01
7.874000e+02	6.765328e-13	3.042428e+01
8.001000e+02	8.681778e-13	3.015348e+01
8.128000e+02	9.984353e-13	3.000170e+01
8.255000e+02	1.221463e-12	2.978280e+01
8.356600e+02	1.342555e-12	2.968017e+01
8.445500e+02	1.514207e-12	2.954954e+01
8.572500e+02	1.761796e-12	2.938511e+01
8.699500e+02	1.945761e-12	2.927728e+01
8.826500e+02	2.194680e-12	2.914657e+01
8.953500e+02	2.520845e-12	2.899613e+01
9.093200e+02	2.800432e-12	2.888194e+01
9.220200e+02	3.100008e-12	2.877159e+01
9.334500e+02	3.355317e-12	2.868567e+01
9.461500e+02	3.627259e-12	2.860105e+01
9.588500e+02	3.391767e-12	2.867394e+01
9.715500e+02	4.031502e-12	2.848633e+01
9.842500e+02	4.312159e-12	2.841326e+01
9.969500e+02	4.210617e-12	2.843914e+01
1.009650e+03	5.227994e-12	2.820416e+01
1.022350e+03	5.528464e-12	2.814349e+01
1.035050e+03	5.822415e-12	2.808724e+01
1.047750e+03	6.159700e-12	2.802610e+01
1.060450e+03	5.798169e-12	2.809177e+01
1.073150e+03	6.810878e-12	2.791699e+01
1.085850e+03	6.964956e-12	2.789270e+01
1.098550e+03	7.195444e-12	2.785736e+01
1.111250e+03	7.696435e-12	2.778428e+01
1.123950e+03	8.062058e-12	2.773389e+01
1.136650e+03	8.343474e-12	2.769663e+01
1.149350e+03	8.664954e-12	2.765558e+01
1.162050e+03	3.289513e-11	2.620717e+01
1.174750e+03	3.358068e-11	2.618478e+01
1.187450e+03	3.729039e-11	2.607101e+01
1.200150e+03	4.109032e-11	2.596565e+01
1.212850e+03	4.310644e-11	2.591364e+01
1.225550e+03	4.994325e-11	2.575381e+01
1.238250e+03	3.587012e-11	2.611317e+01
1.250950e+03	6.460913e-11	2.547427e+01
1.263650e+03	8.050102e-11	2.523550e+01
1.276350e+03	8.783220e-11	2.514087e+01
1.289050e+03	6.124523e-11	2.553232e+01
1.301750e+03	3.472513e-11	2.614839e+01
1.314450e+03	5.750618e-11	2.560071e+01
1.327150e+03	1.039784e-10	2.495764e+01
1.339850e+03	1.896446e-10	2.430515e+01
1.352550e+03	2.619648e-10	2.395439e+01
1.365250e+03	3.479676e-10	2.364615e+01
1.377950e+03	3.827415e-10	2.354274e+01
1.390650e+03	4.092443e-10	2.347004e+01
1.403350e+03	5.079871e-10	2.323537e+01
1.416050e+03	5.277122e-10	2.319401e+01
1.428750e+03	5.102570e-10	2.323053e+01
1.441450e+03	5.398939e-10	2.316923e+01
1.454150e+03	4.844622e-10	2.328685e+01
1.466850e+03	4.276057e-10	2.342239e+01
1.479550e+03	3.726691e-10	2.357169e+01
1.492250e+03	2.472195e-10	2.401729e+01
1.504950e+03	1.649399e-10	2.445669e+01
1.517650e+03	9.518044e-11	2.505363e+01
1.530350e+03	6.894594e-11	2.540373e+01
1.543050e+03	3.442521e-11	2.615781e+01
1.555750e+03	6.753798e-11	2.542613e+01
1.568450e+03	9.854679e-11	2.501589e+01
1.581150e+03	1.785833e-10	2.437040e+01
1.593850e+03	3.042403e-10	2.379196e+01
1.606550e+03	3.851189e-10	2.353601e+01
1.619250e+03	5.839215e-10	2.308411e+01
1.631950e+03	7.565664e-10	2.280288e+01
1.644650e+03	8.620472e-10	2.266117e+01
1.657350e+03	8.894444e-10	2.262720e+01
1.670050e+03	1.041843e-09	2.245549e+01
1.682750e+03	1.123446e-09	2.237362e+01
1.695450e+03	1.177492e-09	2.232261e+01
1.708150e+03	1.287851e-09	2.222534e+01
1.720850e+03	1.278043e-09	2.223364e+01
1.733550e+03	1.298480e-09	2.221641e+01
1.746250e+03	1.365435e-09	2.216182e+01
1.758950e+03	1.424061e-09	2.211618e+01
1.771650e+03	1.475876e-09	2.207738e+01
1.784350e+03	1.498191e-09	2.206108e+01
1.797050e+03	1.505458e-09	2.205583e+01
1.809750e+03	1.536888e-09	2.203339e+01
1.822450e+03	1.508210e-09	2.205385e+01
1.831340e+03	1.604541e-09	2.198662e+01
1.837690e+03	1.621669e-09	2.197509e+01
1.847850e+03	1.654768e-09	2.195316e+01
1.860550e+03	1.631971e-09	2.196822e+01
1.873250e+03	1.665220e-09	2.194632e+01
1.885950e+03	1.692765e-09	2.192851e+01
1.898650e+03	1.719469e-09	2.191151e+01
1.911350e+03	1.768828e-09	2.188079e+01
1.920240e+03	1.768935e-09	2.188072e+01
1.926590e+03	1.795312e-09	2.186465e+01
1.936750e+03	1.757859e-09	2.188754e+01
1.949450e+03	1.755587e-09	2.188894e+01
1.962150e+03	1.840281e-09	2.183779e+01
1.974850e+03	1.814592e-09	2.185305e+01
1.987550e+03	1.728914e-09	2.190557e+01
2.000250e+03	1.827665e-09	2.184526e+01
2.012950e+03	1.903333e-09	2.180121e+01
2.025650e+03	1.974186e-09	2.176153e+01
2.038350e+03	1.913210e-09	2.179559e+01
2.051050e+03	1.959038e-09	2.176989e+01
2.063750e+03	1.883752e-09	2.181244e+01
2.076450e+03	1.944851e-09	2.177778e+01
2.089150e+03	2.006118e-09	2.174411e+01
2.101850e+03	1.864661e-09	2.182350e+01
2.114550e+03	2.076889e-09	2.170647e+01
2.123440e+03	1.960923e-09	2.176885e+01
2.129790e+03	2.034036e-09	2.172910e+01
2.139950e+03	2.123616e-09	2.168231e+01
2.152650e+03	2.073847e-09	2.170806e+01
2.165350e+03	2.085760e-09	2.170184e+01
2.178050e+03	2.149884e-09	2.166896e+01
2.190750e+03	2.144516e-09	2.167168e+01
2.203450e+03	2.230557e-09	2.162897e+01
2.216150e+03	2.207307e-09	2.164034e+01
2.228850e+03	2.287868e-09	2.160142e+01
2.241550e+03	2.190823e-09	2.164848e+01
2.254250e+03	2.319615e-09	2.158646e+01
2.266950e+03	2.318668e-09	2.158690e+01
2.279650e+03	2.394876e-09	2.155179e+01
2.292350e+03	2.440755e-09	2.153119e+01
2.305050e+03	2.451671e-09	2.152634e+01
2.317750e+03	2.431149e-09	2.153547e+01
2.330450e+03	2.459848e-09	2.152273e+01
2.343150e+03	2.406285e-09	2.154663e+01
2.355850e+03	2.471736e-09	2.151749e+01
2.368550e+03	2.511503e-09	2.150017e+01
2.381250e+03	2.553728e-09	2.148206e+01
2.393950e+03	2.577776e-09	2.147189e+01
2.406650e+03	2.604363e-09	2.146075e+01
2.419350e+03	2.607597e-09	2.145940e+01
2.432050e+03	2.637829e-09	2.144688e+01
2.444750e+03	2.678591e-09	2.143023e+01
2.457450e+03	2.630760e-09	2.144980e+01
2.470150e+03	2.757352e-09	2.139877e+01
2.482850e+03	2.775193e-09	2.139177e+01
2.498090e+03	2.831593e-09	2.136992e+01
2.509520e+03	2.813071e-09	2.137705e+01
2.519680e+03	2.828560e-09	2.137109e+01
2.533650e+03	2.836688e-09	2.136797e+01
2.546350e+03	2.814369e-09	2.137655e+01
2.559050e+03	2.808000e-09	2.137901e+01
2.571750e+03	2.811288e-09	2.137774e+01
2.584450e+03	2.909772e-09	2.134035e+01
2.597150e+03	2.964202e-09	2.132023e+01
2.609850e+03	2.928537e-09	2.133337e+01
2.622550e+03	2.951506e-09	2.132489e+01
2.633980e+03	3.054894e-09	2.128751e+01
2.639060e+03	3.081995e-09	2.127792e+01
2.647950e+03	3.091809e-09	2.127447e+01
2.660650e+03	3.077642e-09	2.127945e+01
2.673350e+03	3.086214e-09	2.127643e+01
2.686050e+03	3.126200e-09	2.126246e+01
2.698750e+03	3.144530e-09	2.125611e+01
2.711450e+03	3.063889e-09	2.128432e+01
2.724150e+03	3.200565e-09	2.123693e+01
2.736850e+03	3.202334e-09	2.123633e+01
2.749550e+03	3.138918e-09	2.125805e+01
2.762250e+03	3.167664e-09	2.124815e+01
2.774950e+03	3.236519e-09	2.122480e+01
2.787650e+03	3.372856e-09	2.118001e+01
2.800350e+03	3.311886e-09	2.119981e+01
2.813050e+03	3.227895e-09	2.122770e+01
2.825750e+03	3.262552e-09	2.121611e+01
2.838450e+03	3.473884e-09	2.114796e+01
2.851150e+03	3.394664e-09	2.117301e+01
2.863850e+03	3.324437e-09	2.119570e+01
2.876550e+03	3.309620e-09	2.120055e+01
2.889250e+03	3.465970e-09	2.115044e+01
2.901950e+03	3.542103e-09	2.112685e+01
2.914650e+03	3.461242e-09	2.115192e+01
2.927350e+03	3.556226e-09	2.112253e+01
2.940050e+03	3.564808e-09	2.111991e+01
2.952750e+03	3.299383e-09	2.120392e+01
2.965450e+03	3.524917e-09	2.113213e+01
2.978150e+03	3.319195e-09	2.119742e+01
2.990850e+03	3.633605e-09	2.109916e+01
3.003550e+03	3.417523e-09	2.116572e+01
3.016250e+03	3.606957e-09	2.110715e+01
3.028950e+03	3.319102e-09	2.119745e+01
3.041650e+03	3.553111e-09	2.112348e+01
3.054350e+03	3.531337e-09	2.113015e+01
3.067050e+03	3.599659e-09	2.110935e+01
3.079750e+03	3.833142e-09	2.104111e+01
3.092450e+03	3.777625e-09	2.105695e+01
3.105150e+03	3.913991e-09	2.101845e+01
3.117850e+03	3.929920e-09	2.101404e+01
3.130550e+03	3.919075e-09	2.101704e+01
3.143250e+03	3.850235e-09	2.103628e+01
3.155950e+03	3.891673e-09	2.102466e+01
3.168650e+03	3.868772e-09	2.103107e+01
3.181350e+03	4.172322e-09	2.094906e+01
3.191510e+03	3.948343e-09	2.100896e+01
3.197860e+03	3.872823e-09	2.102993e+01
3.206750e+03	3.782435e-09	2.105557e+01
3.219450e+03	3.847602e-09	2.103702e+01
3.232150e+03	3.915341e-09	2.101808e+01
3.244850e+03	4.160029e-09	2.095226e+01
3.257550e+03	4.150784e-09	2.095467e+01
3.270250e+03	4.343844e-09	2.090531e+01
3.282950e+03	4.382803e-09	2.089562e+01
3.295650e+03	4.362969e-09	2.090054e+01
3.308350e+03	4.288623e-09	2.091921e+01
3.321050e+03	4.229897e-09	2.093418e+01
3.333750e+03	4.452101e-09	2.087859e+01
3.346450e+03	4.601798e-09	2.084268e+01
3.359150e+03	5.000569e-09	2.075245e+01
3.371850e+03	5.097811e-09	2.073154e+01
3.384550e+03	4.905102e-09	2.077338e+01
3.397250e+03	5.073490e-09	2.073673e+01
3.409950e+03	5.178921e-09	2.071440e+01
3.422650e+03	5.006072e-09	2.075126e+01
3.435350e+03	5.107084e-09	2.072957e+01
3.448050e+03	4.941239e-09	2.076541e+01
3.460750e+03	4.993611e-09	2.075396e+01
3.473450e+03	5.187392e-09	2.071263e+01
3.486150e+03	4.726448e-09	2.081366e+01
3.498850e+03	4.917317e-09	2.077068e+01
3.511550e+03	5.189139e-09	2.071226e+01
3.524250e+03	5.405683e-09	2.066787e+01
3.536950e+03	5.272375e-09	2.069498e+01
3.549650e+03	4.111693e-09	2.096495e+01
3.562350e+03	4.496739e-09	2.086776e+01
3.575050e+03	5.681485e-09	2.061385e+01
3.587750e+03	5.786847e-09	2.059389e+01
3.600450e+03	5.744586e-09	2.060185e+01
3.613150e+03	5.664208e-09	2.061715e+01
3.625850e+03	5.399503e-09	2.066912e+01
3.638550e+03	5.837232e-09	2.058448e+01
3.651250e+03	5.890632e-09	2.057460e+01
3.663950e+03	5.986827e-09	2.055701e+01
3.676650e+03	6.029904e-09	2.054922e+01
3.695700e+03	6.357990e-09	2.049170e+01
3.721100e+03	6.336636e-09	2.049535e+01
3.746500e+03	6.383262e-09	2.048739e+01
3.771900e+03	6.522138e-09	2.046403e+01
3.797300e+03	6.651195e-09	2.044275e+01
3.822700e+03	6.779817e-09	2.042196e+01
3.848100e+03	6.877414e-09	2.040644e+01
3.873500e+03	7.001168e-09	2.038707e+01
3.898900e+03	7.061041e-09	2.037783e+01
3.924300e+03	7.162327e-09	2.036236e+01
3.949700e+03	7.223970e-09	2.035306e+01
3.975100e+03	7.287620e-09	2.034354e+01
4.000500e+03	7.391751e-09	2.032813e+01
4.025900e+03	7.541454e-09	2.030636e+01
4.051300e+03	7.413681e-09	2.032492e+01
4.076700e+03	7.652070e-09	2.029055e+01
4.102100e+03	7.587446e-09	2.029976e+01
4.127500e+03	7.906152e-09	2.025509e+01
4.152900e+03	8.178819e-09	2.021827e+01
4.178300e+03	8.290727e-09	2.020352e+01
4.203700e+03	8.419546e-09	2.018678e+01
4.229100e+03	8.441726e-09	2.018392e+01
4.254500e+03	8.482603e-09	2.017868e+01
4.279900e+03	8.373613e-09	2.019272e+01
4.305300e+03	8.597156e-09	2.016411e+01
4.330700e+03	8.726548e-09	2.014789e+01
4.356100e+03	8.960279e-09	2.011920e+01
4.381500e+03	9.025881e-09	2.011128e+01
4.406900e+03	9.125641e-09	2.009934e+01
4.432300e+03	9.275925e-09	2.008161e+01
4.457700e+03	9.478129e-09	2.005819e+01
4.483100e+03	9.495355e-09	2.005622e+01
4.508500e+03	9.834173e-09	2.001816e+01
4.533900e+03	9.635239e-09	2.004034e+01
4.559300e+03	9.669397e-09	2.003650e+01
4.584700e+03	9.902966e-09	2.001059e+01
4.610100e+03	1.008357e-08	1.999096e+01
4.622800e+03	1.013558e-08	1.998538e+01
4.635500e+03	1.044097e-08	1.995315e+01
4.660900e+03	1.024400e-08	1.997383e+01
4.686300e+03	1.008174e-08	1.999116e+01
4.711700e+03	1.130461e-08	1.986686e+01
4.737100e+03	1.141225e-08	1.985657e+01
4.762500e+03	1.337057e-08	1.968463e+01
4.787900e+03	1.409525e-08	1.962732e+01
4.813300e+03	1.598787e-08	1.949052e+01
4.838700e+03	1.800220e-08	1.936169e+01
4.864100e+03	1.529744e-08	1.953845e+01
4.889500e+03	1.960746e-08	1.926895e+01
4.914900e+03	2.131329e-08	1.917837e+01
4.940300e+03	1.505295e-08	1.955595e+01
4.965700e+03	2.181103e-08	1.915331e+01
4.991100e+03	2.112721e-08	1.918789e+01
5.016500e+03	2.212784e-08	1.913765e+01
5.041900e+03	1.459163e-08	1.958974e+01
5.067300e+03	2.239308e-08	1.912472e+01
5.092700e+03	2.454361e-08	1.902515e+01
5.118100e+03	2.480772e-08	1.901353e+01
5.143500e+03	2.484668e-08	1.901183e+01
5.168900e+03	2.416455e-08	1.904205e+01
5.194300e+03	2.119702e-08	1.918431e+01
5.219700e+03	1.822132e-08	1.934855e+01
5.245100e+03	2.427894e-08	1.903693e+01
5.270500e+03	2.524472e-08	1.899457e+01
5.295900e+03	2.556819e-08	1.898075e+01
5.321300e+03	2.551261e-08	1.898311e+01
5.346700e+03	2.558242e-08	1.898015e+01
5.372100e+03	2.546912e-08	1.898496e+01
5.397500e+03	2.561600e-08	1.897872e+01
5.422900e+03	2.556227e-08	1.898100e+01
5.448300e+03	2.524945e-08	1.899437e+01
5.473700e+03	2.400434e-08	1.904928e+01
5.499100e+03	2.166420e-08	1.916064e+01
5.524500e+03	1.987571e-08	1.925419e+01
5.549900e+03	2.535699e-08	1.898976e+01
5.575300e+03	2.600688e-08	1.896228e+01
5.600700e+03	2.637630e-08	1.894697e+01
5.626100e+03	2.686151e-08	1.892717e+01
5.651500e+03	2.691494e-08	1.892502e+01
5.676900e+03	2.732920e-08	1.890843e+01
5.702300e+03	2.757720e-08	1.889862e+01
5.727700e+03	2.794431e-08	1.888427e+01
5.753100e+03	2.767848e-08	1.889464e+01
5.778500e+03	2.777852e-08	1.889073e+01
5.803900e+03	2.828142e-08	1.887125e+01
5.829300e+03	2.820379e-08	1.887423e+01
5.854700e+03	2.842002e-08	1.886594e+01
5.880100e+03	2.840986e-08	1.886633e+01
5.905500e+03	2.850338e-08	1.886276e+01
5.930900e+03	2.867158e-08	1.885637e+01
5.956300e+03	2.872082e-08	1.885451e+01
5.981700e+03	2.864620e-08	1.885733e+01
6.007100e+03	2.896165e-08	1.884544e+01
6.032500e+03	2.921150e-08	1.883612e+01
6.057900e+03	2.931317e-08	1.883234e+01
6.083300e+03	2.932613e-08	1.883186e+01
6.108700e+03	2.929344e-08	1.883307e+01
6.134100e+03	2.878888e-08	1.885194e+01
6.159500e+03	2.596551e-08	1.896401e+01
6.184900e+03	2.317241e-08	1.908757e+01
6.210300e+03	2.860233e-08	1.885900e+01
6.235700e+03	2.957591e-08	1.882265e+01
6.261100e+03	2.959162e-08	1.882208e+01
6.286500e+03	2.995963e-08	1.880866e+01
6.311900e+03	3.029048e-08	1.879673e+01
6.337300e+03	3.002118e-08	1.880643e+01
6.362700e+03	2.980075e-08	1.881443e+01
6.388100e+03	3.030143e-08	1.879634e+01
6.413500e+03	3.024938e-08	1.879821e+01
6.438900e+03	3.052023e-08	1.878853e+01
6.464300e+03	3.045281e-08	1.879093e+01
6.489700e+03	3.053337e-08	1.878806e+01
6.515100e+03	3.050402e-08	1.878911e+01
6.540500e+03	3.037486e-08	1.879371e+01
6.565900e+03	3.016312e-08	1.880131e+01
6.591300e+03	3.056685e-08	1.878687e+01
6.616700e+03	3.075646e-08	1.878016e+01
6.642100e+03	3.102553e-08	1.877070e+01
6.667500e+03	3.136958e-08	1.875873e+01
6.692900e+03	3.087106e-08	1.877612e+01
6.718300e+03	3.154049e-08	1.875283e+01
6.743700e+03	3.181208e-08	1.874352e+01
6.769100e+03	3.158662e-08	1.875124e+01
6.794500e+03	3.198913e-08	1.873749e+01
6.819900e+03	3.191726e-08	1.873994e+01
6.845300e+03	3.196401e-08	1.873835e+01
6.870700e+03	3.193194e-08	1.873944e+01
6.896100e+03	3.213289e-08	1.873263e+01
6.921500e+03	3.227509e-08	1.872783e+01
6.946900e+03	3.239649e-08	1.872376e+01
6.972300e+03	3.252283e-08	1.871953e+01
6.997700e+03	3.249314e-08	1.872052e+01
7.023100e+03	3.262830e-08	1.871601e+01
7.048500e+03	3.286053e-08	1.870831e+01
7.073900e+03	3.280200e-08	1.871025e+01
7.099300e+03	3.290313e-08	1.870691e+01
7.124700e+03	3.299834e-08	1.870377e+01
7.150100e+03	3.314670e-08	1.869890e+01
7.175500e+03	3.332962e-08	1.869292e+01
7.200900e+03	3.354050e-08	1.868608e+01
7.226300e+03	3.382531e-08	1.867690e+01
7.251700e+03	3.382938e-08	1.867676e+01
7.277100e+03	3.400769e-08	1.867106e+01
7.302500e+03	3.401747e-08	1.867074e+01
7.327900e+03	3.414502e-08	1.866668e+01
7.353300e+03	3.421209e-08	1.866455e+01
7.378700e+03	3.448020e-08	1.865608e+01
7.404100e+03	3.470045e-08	1.864916e+01
7.429500e+03	3.462878e-08	1.865141e+01
7.454900e+03	3.465725e-08	1.865051e+01
7.480300e+03	3.428243e-08	1.866232e+01
7.505700e+03	3.475918e-08	1.864733e+01
7.531100e+03	3.499128e-08	1.864010e+01
7.556500e+03	3.520103e-08	1.863361e+01
7.581900e+03	3.533177e-08	1.862959e+01
7.607300e+03	3.535728e-08	1.862880e+01
7.632700e+03	3.527769e-08	1.863125e+01
7.658100e+03	3.544645e-08	1.862607e+01
7.683500e+03	3.577168e-08	1.861615e+01
7.708900e+03	3.595561e-08	1.861058e+01
7.734300e+03	3.605022e-08	1.860773e+01
7.759700e+03	3.609296e-08	1.860644e+01
7.785100e+03	3.593292e-08	1.861127e+01
7.810500e+03	3.613193e-08	1.860527e+01
7.835900e+03	3.612078e-08	1.860561e+01
7.861300e+03	3.630155e-08	1.860019e+01
7.886700e+03	3.631449e-08	1.859980e+01
7.912100e+03	3.629127e-08	1.860049e+01
7.937500e+03	3.620710e-08	1.860302e+01
7.962900e+03	3.647519e-08	1.859501e+01
7.988300e+03	3.662644e-08	1.859051e+01
8.013700e+03	3.670323e-08	1.858824e+01
8.039100e+03	3.694437e-08	1.858113e+01
8.064500e+03	3.690237e-08	1.858236e+01
8.089900e+03	3.693955e-08	1.858127e+01
8.115300e+03	3.725376e-08	1.857207e+01
8.140700e+03	3.732762e-08	1.856992e+01
8.166100e+03	3.737286e-08	1.856861e+01
8.191500e+03	3.742821e-08	1.856700e+01
8.216900e+03	3.749584e-08	1.856504e+01
8.242300e+03	3.722898e-08	1.857280e+01
8.267700e+03	3.741551e-08	1.856737e+01
8.293100e+03	3.728506e-08	1.857116e+01
8.318500e+03	3.550641e-08	1.862423e+01
8.343900e+03	3.136028e-08	1.875905e+01
8.369300e+03	3.721815e-08	1.857311e+01
8.394700e+03	3.818632e-08	1.854523e+01
8.420100e+03	3.846964e-08	1.853720e+01
8.445500e+03	3.851311e-08	1.853598e+01
8.470900e+03	3.855266e-08	1.853486e+01
8.496300e+03	3.887837e-08	1.852573e+01
8.521700e+03	3.895331e-08	1.852364e+01
8.547100e+03	3.910872e-08	1.851932e+01
8.572500e+03	3.923417e-08	1.851584e+01
8.597900e+03	3.938145e-08	1.851177e+01
8.623300e+03	3.945151e-08	1.850984e+01
8.648700e+03	3.947539e-08	1.850918e+01
8.674100e+03	3.948425e-08	1.850894e+01
8.699500e+03	3.955946e-08	1.850687e+01
8.724900e+03	3.978050e-08	1.850082e+01
8.750300e+03	3.998127e-08	1.849536e+01
8.775700e+03	3.988195e-08	1.849806e+01
8.801100e+03	3.962959e-08	1.850495e+01
8.826500e+03	3.943909e-08	1.851018e+01
8.851900e+03	3.949694e-08	1.850859e+01
8.877300e+03	3.959429e-08	1.850592e+01
8.902700e+03	3.959735e-08	1.850583e+01
8.928100e+03	3.992194e-08	1.849697e+01
8.953500e+03	4.023578e-08	1.848847e+01
8.978900e+03	4.019089e-08	1.848968e+01
9.004300e+03	4.001989e-08	1.849431e+01
9.029700e+03	3.985571e-08	1.849877e+01
9.055100e+03	3.982560e-08	1.849959e+01
9.080500e+03	3.995847e-08	1.849598e+01
9.105900e+03	4.016776e-08	1.849031e+01
9.131300e+03	4.022667e-08	1.848871e+01
9.156700e+03	4.042389e-08	1.848340e+01
9.182100e+03	4.057584e-08	1.847933e+01
9.207500e+03	4.047674e-08	1.848199e+01
9.232900e+03	4.040310e-08	1.848396e+01
9.258300e+03	4.038937e-08	1.848433e+01
9.283700e+03	4.044178e-08	1.848292e+01
9.309100e+03	4.050014e-08	1.848136e+01
9.334500e+03	4.070873e-08	1.847578e+01
9.359900e+03	4.100252e-08	1.846797e+01
9.385300e+03	4.119044e-08	1.846301e+01
9.410700e+03	4.112062e-08	1.846485e+01
9.436100e+03	4.108423e-08	1.846581e+01
9.461500e+03	4.098824e-08	1.846835e+01
9.486900e+03	4.114417e-08	1.846423e+01
9.512300e+03	4.135923e-08	1.845857e+01
9.537700e+03	4.149392e-08	1.845504e+01
9.563100e+03	4.162603e-08	1.845159e+01
9.588500e+03	4.188280e-08	1.844491e+01
9.613900e+03	4.215904e-08	1.843777e+01
9.639300e+03	4.228505e-08	1.843453e+01
9.664700e+03	4.229021e-08	1.843440e+01
9.690100e+03	4.234110e-08	1.843309e+01
9.715500e+03	4.228686e-08	1.843449e+01
9.740900e+03	4.208114e-08	1.843978e+01
9.766300e+03	4.228540e-08	1.843452e+01
9.791700e+03	4.225281e-08	1.843536e+01
9.817100e+03	4.241752e-08	1.843114e+01
9.842500e+03	4.260426e-08	1.842637e+01
9.867900e+03	4.288347e-08	1.841928e+01
9.893300e+03	4.312006e-08	1.841330e+01
9.918700e+03	4.323939e-08	1.841030e+01
9.944100e+03	4.321584e-08	1.841089e+01
9.969500e+03	4.295170e-08	1.841755e+01
9.994900e+03	4.250110e-08	1.842900e+01
1.002030e+04	4.195832e-08	1.844295e+01
1.004570e+04	4.159003e-08	1.845253e+01
1.007110e+04	4.143754e-08	1.845652e+01
1.009650e+04	4.154838e-08	1.845361e+01
1.012190e+04	4.193449e-08	1.844357e+01
1.014730e+04	4.226789e-08	1.843497e+01
1.017270e+04	4.242656e-08	1.843091e+01
1.019810e+04	4.255621e-08	1.842759e+01
1.022350e+04	4.233056e-08	1.843336e+01
1.024890e+04	4.208259e-08	1.843974e+01
1.027430e+04	4.188116e-08	1.844495e+01
1.029970e+04	4.196268e-08	1.844284e+01
1.032510e+04	4.201387e-08	1.844152e+01
1.035050e+04	4.200299e-08	1.844180e+01
1.037590e+04	4.216418e-08	1.843764e+01
1.040130e+04	4.230307e-08	1.843407e+01
1.042670e+04	4.274958e-08	1.842267e+01
1.045210e+04	4.288589e-08	1.841921e+01
1.047750e+04	4.304170e-08	1.841528e+01
1.050290e+04	4.302476e-08	1.841570e+01
1.052830e+04	4.279760e-08	1.842145e+01
1.055370e+04	4.259080e-08	1.842671e+01
1.057910e+04	4.250012e-08	1.842902e+01
1.060450e+04	4.294153e-08	1.841781e+01
1.062990e+04	4.296525e-08	1.841721e+01
1.065530e+04	4.276576e-08	1.842226e+01
1.068070e+04	4.301765e-08	1.841588e+01
1.070610e+04	4.320492e-08	1.841117e+01
1.073150e+04	4.339250e-08	1.840646e+01
1.075690e+04	4.290157e-08	1.841882e+01
1.078230e+04	4.326684e-08	1.840961e+01
1.080770e+04	4.172182e-08	1.844909e+01
1.083310e+04	4.313594e-08	1.841290e+01
1.085850e+04	4.049455e-08	1.848151e+01
1.088390e+04	4.403403e-08	1.839053e+01
1.090930e+04	4.339276e-08	1.840646e+01
1.093470e+04	4.322712e-08	1.841061e+01
1.096010e+04	4.488973e-08	1.836963e+01
1.098550e+04	4.437721e-08	1.838210e+01
1.101090e+04	4.105443e-08	1.846660e+01
1.103630e+04	4.440015e-08	1.838154e+01
1.106170e+04	4.519121e-08	1.836237e+01
1.108710e+04	4.488323e-08	1.836979e+01
1.111250e+04	4.245490e-08	1.843018e+01
1.113790e+04	4.454313e-08	1.837805e+01
1.116330e+04	4.541834e-08	1.835692e+01
1.118870e+04	4.549457e-08	1.835510e+01
1.121410e+04	4.543232e-08	1.835659e+01
1.123950e+04	4.466916e-08	1.837498e+01
1.126490e+04	4.302754e-08	1.841563e+01
1.129030e+04	4.591483e-08	1.834512e+01
1.131570e+04	4.659712e-08	1.832910e+01
1.134110e+04	4.678671e-08	1.832469e+01
1.136650e+04	4.677998e-08	1.832485e+01
1.139190e+04	4.665267e-08	1.832781e+01
1.141730e+04	4.621186e-08	1.833812e+01
1.144270e+04	4.358166e-08	1.840174e+01
1.146810e+04	4.523234e-08	1.836138e+01
1.149350e+04	4.684275e-08	1.832339e+01
1.151890e+04	4.710530e-08	1.831733e+01
1.154430e+04	4.679678e-08	1.832446e+01
1.156970e+04	4.670573e-08	1.832657e+01
1.159510e+04	4.628135e-08	1.833648e+01
1.162050e+04	4.569681e-08	1.835029e+01
1.164590e+04	4.506249e-08	1.836546e+01
1.167130e+04	4.450103e-08	1.837907e+01
1.169670e+04	4.360541e-08	1.840115e+01
1.172210e+04	4.111879e-08	1.846490e+01
1.174750e+04	4.382441e-08	1.839571e+01
1.177290e+04	4.493567e-08	1.836852e+01
1.179830e+04	4.528258e-08	1.836017e+01
1.182370e+04	4.546633e-08	1.835578e+01
1.184910e+04	4.555370e-08	1.835369e+01
1.187450e+04	4.536086e-08	1.835830e+01
1.189990e+04	4.503658e-08	1.836609e+01
1.192530e+04	4.487810e-08	1.836991e+01
1.195070e+04	4.454410e-08	1.837802e+01
1.197610e+04	4.479527e-08	1.837192e+01
1.200150e+04	4.476010e-08	1.837277e+01
1.202690e+04	4.487447e-08	1.837000e+01
1.205230e+04	4.510003e-08	1.836456e+01
1.207770e+04	4.520783e-08	1.836197e+01
1.210310e+04	4.455913e-08	1.837766e+01
1.212850e+04	4.207076e-08	1.844005e+01
1.215390e+04	4.478175e-08	1.837225e+01
1.217930e+04	4.558499e-08	1.835295e+01
1.220470e+04	4.577691e-08	1.834838e+01
1.223010e+04	4.578037e-08	1.834830e+01
1.225550e+04	4.579603e-08	1.834793e+01
1.228090e+04	4.566773e-08	1.835098e+01
1.230630e+04	4.569878e-08	1.835024e+01
1.233170e+04	4.568743e-08	1.835051e+01
1.235710e+04	4.581455e-08	1.834749e+01
1.238250e+04	4.598697e-08	1.834341e+01
1.240790e+04	4.630606e-08	1.833591e+01
1.243330e+04	4.662940e-08	1.832835e+01
1.245870e+04	4.691952e-08	1.832162e+01
1.248410e+04	4.701249e-08	1.831947e+01
1.250950e+04	4.703096e-08	1.831904e+01
1.253490e+04	4.705315e-08	1.831853e+01
1.256030e+04	4.714364e-08	1.831644e+01
1.258570e+04	4.728392e-08	1.831322e+01
1.261110e+04	4.739975e-08	1.831056e+01
1.263650e+04	4.745840e-08	1.830922e+01
1.266190e+04	4.744499e-08	1.830952e+01
1.268730e+04	4.743279e-08	1.830980e+01
1.273175e+04	4.668373e-08	1.832709e+01
1.279525e+04	4.603190e-08	1.834235e+01
1.285875e+04	4.768856e-08	1.830396e+01
1.292225e+04	4.759948e-08	1.830599e+01
1.298575e+04	4.781881e-08	1.830100e+01
1.304925e+04	4.821109e-08	1.829213e+01
1.311275e+04	4.810850e-08	1.829445e+01
1.317625e+04	4.846615e-08	1.828640e+01
1.323975e+04	4.830867e-08	1.828994e+01
1.330325e+04	4.812824e-08	1.829400e+01
1.336675e+04	4.835650e-08	1.828886e+01
1.343025e+04	4.855153e-08	1.828449e+01
1.349375e+04	4.893128e-08	1.827603e+01
1.355725e+04	4.880388e-08	1.827886e+01
1.362075e+04	4.898050e-08	1.827494e+01
1.368425e+04	4.881681e-08	1.827858e+01
1.374775e+04	4.873373e-08	1.828043e+01
1.381125e+04	4.760885e-08	1.830578e+01
1.387475e+04	4.477610e-08	1.837238e+01
1.393825e+04	4.489516e-08	1.836950e+01
1.400175e+04	4.495179e-08	1.836813e+01
1.406525e+04	4.557191e-08	1.835326e+01
1.412875e+04	4.625624e-08	1.833707e+01
1.419225e+04	4.666435e-08	1.832754e+01
1.425575e+04	4.682923e-08	1.832371e+01
1.431925e+04	4.676205e-08	1.832527e+01
1.438275e+04	4.702649e-08	1.831914e+01
1.444625e+04	4.714380e-08	1.831644e+01
1.450975e+04	4.720208e-08	1.831510e+01
1.457325e+04	4.765032e-08	1.830484e+01
1.463675e+04	4.724249e-08	1.831417e+01
1.470025e+04	4.745201e-08	1.830936e+01
1.476375e+04	4.727991e-08	1.831331e+01
1.482725e+04	4.745859e-08	1.830921e+01
1.489075e+04	4.773006e-08	1.830302e+01
1.495425e+04	4.733552e-08	1.831203e+01
1.501775e+04	4.749403e-08	1.830840e+01
1.508125e+04	4.790028e-08	1.829915e+01
1.514475e+04	4.773844e-08	1.830283e+01
1.520825e+04	4.691127e-08	1.832181e+01
1.527175e+04	4.693316e-08	1.832130e+01
1.533525e+04	4.679764e-08	1.832444e+01
1.539875e+04	4.739333e-08	1.831071e+01
1.546225e+04	4.755748e-08	1.830695e+01
1.552575e+04	4.769915e-08	1.830372e+01
1.558925e+04	4.753426e-08	1.830748e+01
1.565275e+04	4.777031e-08	1.830210e+01
1.571625e+04	4.766840e-08	1.830442e+01
1.577975e+04	4.736386e-08	1.831138e+01
1.584325e+04	4.768870e-08	1.830396e+01
1.590675e+04	4.796745e-08	1.829763e+01
1.597025e+04	4.828047e-08	1.829057e+01
1.603375e+04	4.854075e-08	1.828473e+01
1.609725e+04	4.849875e-08	1.828567e+01
1.616075e+04	4.879570e-08	1.827905e+01
1.622425e+04	4.888453e-08	1.827707e+01
1.628775e+04	4.690902e-08	1.832186e+01
1.635125e+04	4.868186e-08	1.828158e+01
1.641475e+04	4.922073e-08	1.826963e+01
1.647825e+04	4.962515e-08	1.826075e+01
1.654175e+04	4.994208e-08	1.825383e+01
1.660525e+04	4.997622e-08	1.825309e+01
1.666875e+04	4.981850e-08	1.825652e+01
1.673225e+04	4.979342e-08	1.825707e+01
1.679575e+04	4.992942e-08	1.825411e+01
1.685925e+04	4.980390e-08	1.825684e+01
1.692275e+04	5.002501e-08	1.825203e+01
1.698625e+04	5.013006e-08	1.824975e+01
1.704975e+04	5.058528e-08	1.823994e+01
1.711325e+04	5.078270e-08	1.823571e+01
1.717675e+04	5.057965e-08	1.824006e+01
1.724025e+04	5.065285e-08	1.823849e+01
1.730375e+04	5.089797e-08	1.823325e+01
1.736725e+04	5.110208e-08	1.822890e+01
1.743075e+04	5.123529e-08	1.822608e+01
1.749425e+04	5.128341e-08	1.822506e+01
1.755775e+04	5.155390e-08	1.821935e+01
1.762125e+04	5.156864e-08	1.821904e+01
1.768475e+04	5.137443e-08	1.822313e+01
1.774825e+04	5.054900e-08	1.824072e+01
1.781175e+04	4.963247e-08	1.826059e+01
1.787525e+04	4.746427e-08	1.830908e+01
1.793875e+04	4.616257e-08	1.833927e+01
1.800225e+04	4.642194e-08	1.833319e+01
1.806575e+04	4.701170e-08	1.831949e+01
1.812925e+04	4.742190e-08	1.831005e+01
1.819275e+04	4.780666e-08	1.830128e+01
1.825625e+04	4.815419e-08	1.829341e+01
1.831975e+04	4.785379e-08	1.830021e+01
1.838325e+04	4.798567e-08	1.829722e+01
1.844675e+04	4.754138e-08	1.830732e+01
1.850390e+04	4.693462e-08	1.832127e+01
1.856740e+04	4.646738e-08	1.833213e+01
1.863725e+04	4.689791e-08	1.832212e+01
1.870075e+04	4.712238e-08	1.831693e+01
1.876425e+04	4.718431e-08	1.831551e+01
1.882775e+04	4.779872e-08	1.830146e+01
1.889125e+04	4.776657e-08	1.830219e+01
1.895475e+04	4.810621e-08	1.829450e+01
1.901825e+04	4.838854e-08	1.828814e+01
1.908175e+04	4.762178e-08	1.830549e+01
1.914525e+04	4.731355e-08	1.831254e+01
1.920875e+04	4.749200e-08	1.830845e+01
1.927225e+04	4.751546e-08	1.830791e+01
1.933575e+04	4.761552e-08	1.830563e+01
1.939925e+04	4.822839e-08	1.829174e+01
1.946275e+04	4.916541e-08	1.827085e+01
1.952625e+04	4.946944e-08	1.826416e+01
1.958975e+04	4.903883e-08	1.827365e+01
1.965325e+04	4.944655e-08	1.826466e+01
1.971675e+04	4.956863e-08	1.826198e+01
1.978025e+04	4.839134e-08	1.828808e+01
1.984375e+04	4.892656e-08	1.827614e+01
1.990725e+04	4.866050e-08	1.828206e+01
1.997075e+04	4.809036e-08	1.829486e+01
2.003425e+04	4.847291e-08	1.828625e+01
2.009775e+04	4.865041e-08	1.828228e+01
2.016125e+04	4.755970e-08	1.830690e+01
2.022475e+04	4.969793e-08	1.825915e+01
2.028825e+04	5.010818e-08	1.825023e+01
2.038350e+04	4.923390e-08	1.826934e+01
2.051050e+04	4.905829e-08	1.827322e+01
2.063750e+04	5.045972e-08	1.824264e+01
2.076450e+04	4.986394e-08	1.825553e+01
2.089150e+04	4.875089e-08	1.828004e+01
2.101850e+04	5.117510e-08	1.822735e+01
2.114550e+04	4.991450e-08	1.825443e+01
2.127250e+04	5.008046e-08	1.825083e+01
2.139950e+04	4.793815e-08	1.829830e+01
2.152650e+04	4.966010e-08	1.825998e+01
2.165350e+04	4.994555e-08	1.825376e+01
2.178050e+04	4.902884e-08	1.827387e+01
2.190750e+04	4.884925e-08	1.827786e+01
2.203450e+04	4.737234e-08	1.831119e+01
2.216150e+04	4.869338e-08	1.828133e+01
2.228850e+04	4.872903e-08	1.828053e+01
2.241550e+04	4.817995e-08	1.829283e+01
2.254250e+04	4.708241e-08	1.831785e+01
2.266950e+04	4.677476e-08	1.832497e+01
2.279650e+04	4.708421e-08	1.831781e+01
2.292350e+04	4.639897e-08	1.833373e+01
2.305050e+04	4.569985e-08	1.835021e+01
2.317750e+04	4.575606e-08	1.834888e+01
2.330450e+04	4.526360e-08	1.836063e+01
2.343150e+04	4.538128e-08	1.835781e+01
2.355850e+04	4.573186e-08	1.834945e+01
2.368550e+04	4.545950e-08	1.835594e+01
2.381250e+04	4.387894e-08	1.839436e+01
2.393950e+04	4.490661e-08	1.836922e+01
2.406650e+04	4.424414e-08	1.838536e+01
2.419350e+04	4.437995e-08	1.838203e+01
2.432050e+04	4.471339e-08	1.837391e+01
2.444750e+04	4.411493e-08	1.838854e+01
2.457450e+04	4.350570e-08	1.840363e+01
2.470150e+04	4.180006e-08	1.844706e+01
2.482850e+04	4.259205e-08	1.842668e+01
2.495550e+04	4.148550e-08	1.845526e+01
2.508250e+04	4.072828e-08	1.847526e+01
2.520950e+04	4.055979e-08	1.847976e+01
2.533650e+04	4.066696e-08	1.847690e+01
2.546350e+04	4.065644e-08	1.847718e+01
2.559050e+04	4.030544e-08	1.848659e+01
2.571750e+04	3.971675e-08	1.850257e+01
2.584450e+04	3.998308e-08	1.849531e+01
2.597150e+04	3.878470e-08	1.852835e+01
2.609850e+04	3.824736e-08	1.854350e+01
2.622550e+04	3.798958e-08	1.855084e+01
2.635250e+04	3.782832e-08	1.855546e+01
2.647950e+04	3.821306e-08	1.854447e+01
2.660650e+04	3.781007e-08	1.855598e+01
2.673350e+04	3.778076e-08	1.855682e+01
2.686050e+04	3.727928e-08	1.857133e+01
2.698750e+04	3.741574e-08	1.856736e+01
2.711450e+04	3.676641e-08	1.858637e+01
2.724150e+04	3.644486e-08	1.859591e+01
2.736850e+04	3.647380e-08	1.859505e+01
2.749550e+04	3.552166e-08	1.862377e+01
2.762250e+04	3.618313e-08	1.860373e+01
2.774950e+04	3.574559e-08	1.861694e+01
2.787650e+04	3.564359e-08	1.862005e+01
2.800350e+04	3.568161e-08	1.861889e+01
2.813050e+04	3.579674e-08	1.861539e+01
2.825750e+04	3.542478e-08	1.862673e+01
2.838450e+04	3.490085e-08	1.864291e+01
2.851150e+04	3.471441e-08	1.864873e+01
2.863850e+04	3.442718e-08	1.865775e+01
2.876550e+04	3.431467e-08	1.866130e+01
2.889250e+04	3.443886e-08	1.865738e+01
2.901950e+04	3.434062e-08	1.866048e+01
2.914650e+04	3.311118e-08	1.870006e+01
2.927350e+04	3.250338e-08	1.872018e+01
2.940050e+04	3.272797e-08	1.871270e+01
2.952750e+04	3.147097e-08	1.875522e+01
2.965450e+04	3.178451e-08	1.874446e+01
2.978150e+04	3.143497e-08	1.875647e+01
2.990850e+04	3.051207e-08	1.878882e+01
3.003550e+04	3.065254e-08	1.878383e+01
3.016250e+04	3.029190e-08	1.879668e+01
3.028950e+04	2.954144e-08	1.882392e+01
3.041650e+04	2.996038e-08	1.880863e+01
3.054350e+04	2.928516e-08	1.883338e+01
3.067050e+04	2.882174e-08	1.885070e+01
3.079750e+04	2.957052e-08	1.882285e+01
3.092450e+04	2.947142e-08	1.882650e+01
3.105150e+04	2.877667e-08	1.885240e+01
3.117850e+04	2.844608e-08	1.886494e+01
3.130550e+04	2.874388e-08	1.885364e+01
3.143250e+04	2.795321e-08	1.888392e+01
3.155950e+04	2.753458e-08	1.890030e+01
3.168650e+04	2.765975e-08	1.889538e+01
3.181350e+04	2.804417e-08	1.888039e+01
3.194050e+04	2.760365e-08	1.889758e+01
3.206750e+04	2.762331e-08	1.889681e+01
3.219450e+04	2.747248e-08	1.890276e+01
3.232150e+04	2.735005e-08	1.890760e+01
3.244850e+04	2.713716e-08	1.891609e+01
3.257550e+04	2.675727e-08	1.893140e+01
3.270250e+04	2.701081e-08	1.892116e+01
3.282950e+04	2.714233e-08	1.891588e+01
3.295650e+04	2.728283e-08	1.891028e+01
3.308350e+04	2.727838e-08	1.891045e+01
3.321050e+04	2.687005e-08	1.892683e+01
3.333750e+04	2.646229e-08	1.894343e+01
3.346450e+04	2.705827e-08	1.891925e+01
3.359150e+04	2.712883e-08	1.891642e+01
3.371850e+04	2.692850e-08	1.892447e+01
3.384550e+04	2.672012e-08	1.893290e+01
3.397250e+04	2.662723e-08	1.893668e+01
3.409950e+04	2.667439e-08	1.893476e+01
3.422650e+04	2.626337e-08	1.895162e+01
3.435350e+04	2.636346e-08	1.894749e+01
3.448050e+04	2.643427e-08	1.894458e+01
3.460750e+04	2.624624e-08	1.895233e+01
3.473450e+04	2.596781e-08	1.896391e+01
3.486150e+04	2.612600e-08	1.895732e+01
3.498850e+04	2.585404e-08	1.896868e+01
3.511550e+04	2.594452e-08	1.896489e+01
3.524250e+04	2.581051e-08	1.897051e+01
3.536950e+04	2.591613e-08	1.896607e+01
3.549650e+04	2.592375e-08	1.896576e+01
3.562350e+04	2.580138e-08	1.897089e+01
3.575050e+04	2.558702e-08	1.897995e+01
3.587750e+04	2.538782e-08	1.898844e+01
3.600450e+04	2.546129e-08	1.898530e+01
3.613150e+04	2.546897e-08	1.898497e+01
3.625850e+04	2.546549e-08	1.898512e+01
3.638550e+04	2.525816e-08	1.899400e+01
3.651250e+04	2.487788e-08	1.901047e+01
3.663950e+04	2.513170e-08	1.899945e+01
3.676650e+04	2.491258e-08	1.900895e+01
3.689350e+04	2.477396e-08	1.901501e+01
3.702050e+04	2.480408e-08	1.901369e+01
3.714750e+04	2.464651e-08	1.902061e+01
3.727450e+04	2.439241e-08	1.903186e+01
3.740150e+04	2.421984e-08	1.903957e+01
3.752850e+04	2.403278e-08	1.904799e+01
3.765550e+04	2.382588e-08	1.905738e+01
3.778250e+04	2.351377e-08	1.907169e+01
3.790950e+04	2.337934e-08	1.907792e+01
3.803650e+04	2.321005e-08	1.908581e+01
3.816350e+04	2.372669e-08	1.906191e+01
3.829050e+04	2.357767e-08	1.906875e+01
3.841750e+04	2.343525e-08	1.907533e+01
3.854450e+04	2.299759e-08	1.909579e+01
3.867150e+04	2.300254e-08	1.909556e+01
3.879850e+04	2.297069e-08	1.909706e+01
3.892550e+04	2.284699e-08	1.910293e+01
3.905250e+04	2.272783e-08	1.910861e+01
3.917950e+04	2.262381e-08	1.911359e+01
3.930650e+04	2.251597e-08	1.911877e+01
3.943350e+04	2.241490e-08	1.912366e+01
3.956050e+04	2.232012e-08	1.912826e+01
3.968750e+04	2.230094e-08	1.912919e+01
3.981450e+04	2.222703e-08	1.913280e+01
3.994150e+04	2.214117e-08	1.913700e+01
4.006850e+04	2.206834e-08	1.914058e+01
4.019550e+04	2.202440e-08	1.914274e+01
4.032250e+04	2.201300e-08	1.914330e+01
4.044950e+04	2.197884e-08	1.914499e+01
4.057650e+04	2.199696e-08	1.914409e+01
4.076700e+04	2.211206e-08	1.913843e+01
4.102100e+04	2.255453e-08	1.911692e+01
4.127500e+04	2.331085e-08	1.908110e+01
4.152900e+04	2.749551e-08	1.890185e+01
4.178300e+04	3.103627e-08	1.877033e+01
4.203700e+04	3.414831e-08	1.866658e+01
4.229100e+04	2.798664e-08	1.888262e+01
4.254500e+04	2.336713e-08	1.907849e+01
4.279900e+04	2.181845e-08	1.915294e+01
4.305300e+04	2.113060e-08	1.918772e+01
4.330700e+04	2.064554e-08	1.921293e+01
4.356100e+04	2.034907e-08	1.922864e+01
4.381500e+04	2.010182e-08	1.924191e+01
4.406900e+04	1.991553e-08	1.925202e+01
4.432300e+04	1.974841e-08	1.926117e+01
4.457700e+04	1.957230e-08	1.927090e+01
4.483100e+04	1.937855e-08	1.928170e+01
4.508500e+04	1.921281e-08	1.929102e+01
4.533900e+04	1.908636e-08	1.929819e+01
4.559300e+04	1.897045e-08	1.930481e+01
4.584700e+04	1.879283e-08	1.931502e+01
4.610100e+04	1.865469e-08	1.932303e+01
4.635500e+04	1.849019e-08	1.933265e+01
4.660900e+04	1.843011e-08	1.933618e+01
4.686300e+04	1.822955e-08	1.934806e+01
4.711700e+04	1.813655e-08	1.935361e+01
4.737100e+04	1.795446e-08	1.936457e+01
4.762500e+04	1.771621e-08	1.937907e+01
4.787900e+04	1.772204e-08	1.937872e+01
4.813300e+04	1.760360e-08	1.938600e+01
4.838700e+04	1.746925e-08	1.939431e+01
4.864100e+04	1.735030e-08	1.940173e+01
4.889500e+04	1.725860e-08	1.940749e+01
4.914900e+04	1.716600e-08	1.941333e+01
4.940300e+04	1.705281e-08	1.942051e+01
4.965700e+04	1.686847e-08	1.943231e+01
4.991100e+04	1.676490e-08	1.943900e+01
5.016500e+04	1.661736e-08	1.944859e+01
5.041900e+04	1.650725e-08	1.945581e+01
5.067300e+04	1.637770e-08	1.946437e+01
5.092700e+04	1.622245e-08	1.947471e+01
5.118100e+04	1.609018e-08	1.948360e+01
5.143500e+04	1.590430e-08	1.949621e+01
5.168900e+04	1.592207e-08	1.949500e+01
5.194300e+04	1.579304e-08	1.950384e+01
5.219700e+04	1.568753e-08	1.951111e+01
5.245100e+04	1.561716e-08	1.951599e+01
5.270500e+04	1.547531e-08	1.952590e+01
5.295900e+04	1.532115e-08	1.953677e+01
5.321300e+04	1.526460e-08	1.954079e+01
5.346700e+04	1.515124e-08	1.954888e+01
5.372100e+04	1.500035e-08	1.955975e+01
5.397500e+04	1.484756e-08	1.957086e+01
5.422900e+04	1.471831e-08	1.958036e+01
5.448300e+04	1.462399e-08	1.958734e+01
5.473700e+04	1.454353e-08	1.959333e+01
5.499100e+04	1.436539e-08	1.960671e+01
5.524500e+04	1.423293e-08	1.961676e+01
5.549900e+04	1.404130e-08	1.963148e+01
5.575300e+04	1.392158e-08	1.964078e+01
5.600700e+04	1.383984e-08	1.964717e+01
5.626100e+04	1.369102e-08	1.965891e+01
5.651500e+04	1.354360e-08	1.967066e+01
5.676900e+04	1.346789e-08	1.967675e+01
5.702300e+04	1.337088e-08	1.968460e+01
5.727700e+04	1.337269e-08	1.968445e+01
5.753100e+04	1.329210e-08	1.969102e+01
5.778500e+04	1.315243e-08	1.970248e+01
5.803900e+04	1.301475e-08	1.971391e+01
5.829300e+04	1.293742e-08	1.972038e+01
5.854700e+04	1.288640e-08	1.972467e+01
5.880100e+04	1.274722e-08	1.973646e+01
5.905500e+04	1.255666e-08	1.975281e+01
5.930900e+04	1.254613e-08	1.975373e+01
5.956300e+04	1.250998e-08	1.975686e+01
5.981700e+04	1.250085e-08	1.975765e+01
6.007100e+04	1.250620e-08	1.975719e+01
6.032500e+04	1.243727e-08	1.976319e+01
6.057900e+04	1.230007e-08	1.977523e+01
6.083300e+04	1.228335e-08	1.977671e+01
6.108700e+04	1.226514e-08	1.977832e+01
6.134100e+04	1.222788e-08	1.978162e+01
6.159500e+04	1.224546e-08	1.978006e+01
6.184900e+04	1.232934e-08	1.977265e+01
6.210300e+04	1.236988e-08	1.976909e+01
6.235700e+04	1.236212e-08	1.976977e+01
6.261100e+04	1.238575e-08	1.976769e+01
6.286500e+04	1.242496e-08	1.976426e+01
6.311900e+04	1.242363e-08	1.976438e+01
6.337300e+04	1.245202e-08	1.976190e+01
6.362700e+04	1.254045e-08	1.975422e+01
6.388100e+04	1.260828e-08	1.974836e+01
6.413500e+04	1.259773e-08	1.974927e+01
6.438900e+04	1.266739e-08	1.974328e+01
6.464300e+04	1.275873e-08	1.973548e+01
6.489700e+04	1.287090e-08	1.972598e+01
6.515100e+04	1.299612e-08	1.971547e+01
6.540500e+04	1.318132e-08	1.970010e+01
6.565900e+04	1.345820e-08	1.967753e+01
6.591300e+04	1.373198e-08	1.965567e+01
6.616700e+04	1.407445e-08	1.962892e+01
6.642100e+04	1.446069e-08	1.959953e+01
6.667500e+04	1.480704e-08	1.957383e+01
6.692900e+04	1.482723e-08	1.957235e+01
6.718300e+04	1.484587e-08	1.957099e+01
6.743700e+04	1.466535e-08	1.958427e+01
6.769100e+04	1.440883e-08	1.960343e+01
6.794500e+04	1.412355e-08	1.962514e+01
6.819900e+04	1.392481e-08	1.964053e+01
6.845300e+04	1.375585e-08	1.965378e+01
6.870700e+04	1.367091e-08	1.966051e+01
6.896100e+04	1.359306e-08	1.966671e+01
6.921500e+04	1.354980e-08	1.967017e+01
6.946900e+04	1.364501e-08	1.966257e+01
6.972300e+04	1.375001e-08	1.965424e+01
6.997700e+04	1.392626e-08	1.964041e+01
7.023100e+04	1.413466e-08	1.962429e+01
7.048500e+04	1.436578e-08	1.960668e+01
7.073900e+04	1.480927e-08	1.957367e+01
7.099300e+04	1.524844e-08	1.954194e+01
7.124700e+04	1.585402e-08	1.949965e+01
7.150100e+04	1.656175e-08	1.945223e+01
7.175500e+04	1.727323e-08	1.940657e+01
7.200900e+04	1.783717e-08	1.937169e+01
7.226300e+04	1.840963e-08	1.933739e+01
7.251700e+04	1.863220e-08	1.932434e+01
7.277100e+04	1.835945e-08	1.934035e+01
7.302500e+04	1.809042e-08	1.935638e+01
7.327900e+04	1.773710e-08	1.937779e+01
7.353300e+04	1.738624e-08	1.939949e+01
7.378700e+04	1.704972e-08	1.942071e+01
7.404100e+04	1.700287e-08	1.942369e+01
7.429500e+04	1.698302e-08	1.942496e+01
7.454900e+04	1.710839e-08	1.941698e+01
7.480300e+04	1.739680e-08	1.939883e+01
7.505700e+04	1.765640e-08	1.938274e+01
7.531100e+04	1.829547e-08	1.934414e+01
7.556500e+04	1.900440e-08	1.930286e+01
7.581900e+04	1.970578e-08	1.926352e+01
7.607300e+04	2.105783e-08	1.919147e+01
7.632700e+04	2.241836e-08	1.912349e+01
7.658100e+04	2.404772e-08	1.904732e+01
7.683500e+04	2.678266e-08	1.893037e+01
7.708900e+04	2.951777e-08	1.882479e+01
7.734300e+04	3.345427e-08	1.868887e+01
7.759700e+04	3.887373e-08	1.852586e+01
7.785100e+04	4.429413e-08	1.838413e+01
7.810500e+04	5.148007e-08	1.822090e+01
7.835900e+04	5.986475e-08	1.805707e+01
7.861300e+04	6.824702e-08	1.791479e+01
7.886700e+04	6.982357e-08	1.788999e+01
7.912100e+04	6.970695e-08	1.789181e+01
7.937500e+04	6.960855e-08	1.789334e+01
7.962900e+04	6.289626e-08	1.800344e+01
7.988300e+04	5.543341e-08	1.814057e+01
8.013700e+04	4.798086e-08	1.829733e+01
8.039100e+04	4.331760e-08	1.840834e+01
8.064500e+04	3.864425e-08	1.853229e+01
8.089900e+04	3.424919e-08	1.866337e+01
8.115300e+04	3.219614e-08	1.873049e+01
8.153400e+04	2.910892e-08	1.883993e+01
8.204200e+04	2.709620e-08	1.891773e+01
8.255000e+04	2.600573e-08	1.896233e+01
8.305800e+04	2.581438e-08	1.897035e+01
8.356600e+04	2.621243e-08	1.895373e+01
8.407400e+04	2.671813e-08	1.893298e+01
8.458200e+04	2.731554e-08	1.890898e+01
8.509000e+04	2.762498e-08	1.889675e+01
8.559800e+04	2.775962e-08	1.889147e+01
8.610600e+04	2.764069e-08	1.889613e+01
8.661400e+04	2.751508e-08	1.890107e+01
8.712200e+04	2.744843e-08	1.890371e+01
8.763000e+04	2.766197e-08	1.889529e+01
8.813800e+04	2.814775e-08	1.887639e+01
8.864600e+04	2.881942e-08	1.885079e+01
8.915400e+04	2.995821e-08	1.880871e+01
8.966200e+04	3.129792e-08	1.876121e+01
9.017000e+04	3.301513e-08	1.870322e+01
9.067800e+04	3.512890e-08	1.863584e+01
9.118600e+04	3.746129e-08	1.856604e+01
9.169400e+04	4.047426e-08	1.848205e+01
9.220200e+04	4.384137e-08	1.839529e+01
9.271000e+04	4.774646e-08	1.830265e+01
9.321800e+04	5.266412e-08	1.819621e+01
9.372600e+04	5.800652e-08	1.809131e+01
9.423400e+04	6.567899e-08	1.795643e+01
9.474200e+04	7.423237e-08	1.782352e+01
9.525000e+04	8.458857e-08	1.768172e+01
9.575800e+04	9.430662e-08	1.756364e+01
9.626600e+04	1.036013e-07	1.746159e+01
9.677400e+04	1.066851e-07	1.742974e+01
9.728200e+04	1.083205e-07	1.741322e+01
9.779000e+04	1.070156e-07	1.742638e+01
9.829800e+04	1.061770e-07	1.743492e+01
9.880600e+04	1.062551e-07	1.743413e+01
9.931400e+04	1.049651e-07	1.744739e+01
9.982200e+04	1.025140e-07	1.747304e+01
1.003300e+05	9.621908e-08	1.754185e+01
1.008380e+05	8.862522e-08	1.763111e+01
1.013460e+05	7.997640e-08	1.774260e+01
1.018540e+05	7.138145e-08	1.786604e+01
1.023620e+05	6.466011e-08	1.797341e+01
1.028700e+05	5.850790e-08	1.808196e+01
1.033780e+05	5.433036e-08	1.816239e+01
1.038860e+05	5.087197e-08	1.823380e+01
1.043940e+05	4.876301e-08	1.827977e+01
1.049020e+05	4.728907e-08	1.831310e+01
1.054100e+05	4.652851e-08	1.833070e+01
1.059180e+05	4.634161e-08	1.833507e+01
1.064260e+05	4.659929e-08	1.832905e+01
1.069340e+05	4.790731e-08	1.829900e+01
1.074420e+05	4.983393e-08	1.825619e+01
1.079500e+05	5.291856e-08	1.819098e+01
1.084580e+05	5.650060e-08	1.811987e+01
1.089660e+05	5.805583e-08	1.809039e+01
1.094740e+05	5.884537e-08	1.807572e+01
1.099820e+05	5.548176e-08	1.813962e+01
1.104900e+05	5.075438e-08	1.823632e+01
1.109980e+05	4.568317e-08	1.835061e+01
1.115060e+05	4.052026e-08	1.848082e+01
1.120140e+05	3.675534e-08	1.858670e+01
1.125220e+05	3.345552e-08	1.868883e+01
1.130300e+05	3.106410e-08	1.876935e+01
1.135380e+05	2.906154e-08	1.884170e+01
1.140460e+05	2.755286e-08	1.889958e+01
1.145540e+05	2.630665e-08	1.894984e+01
1.150620e+05	2.533325e-08	1.899077e+01
1.155700e+05	2.453627e-08	1.902548e+01
1.160780e+05	2.387795e-08	1.905501e+01
1.165860e+05	2.333703e-08	1.907989e+01
1.170940e+05	2.286543e-08	1.910205e+01
1.176020e+05	2.249534e-08	1.911977e+01
1.181100e+05	2.215278e-08	1.913643e+01
1.186180e+05	2.187874e-08	1.914994e+01
1.191260e+05	2.163583e-08	1.916207e+01
1.196340e+05	2.144563e-08	1.917165e+01
1.201420e+05	2.126571e-08	1.918080e+01
1.206500e+05	2.114706e-08	1.918688e+01
1.211580e+05	2.101614e-08	1.919362e+01
1.216660e+05	2.091532e-08	1.919884e+01
1.221740e+05	2.082541e-08	1.920352e+01
1.226820e+05	2.078014e-08	1.920588e+01
1.231900e+05	2.072848e-08	1.920858e+01
1.236980e+05	2.070622e-08	1.920975e+01
1.242060e+05	2.070059e-08	1.921004e+01
1.247140e+05	2.069728e-08	1.921022e+01
1.252220e+05	2.073237e-08	1.920838e+01
1.257300e+05	2.076434e-08	1.920670e+01
1.262380e+05	2.083747e-08	1.920289e+01
1.267460e+05	2.091901e-08	1.919865e+01
1.270000e+05	2.094463e-08	1.919732e+01
1.281430e+05	2.126202e-08	1.918099e+01
1.294130e+05	2.171353e-08	1.915817e+01
1.305560e+05	2.228990e-08	1.912973e+01
1.318260e+05	2.300873e-08	1.909527e+01
1.329690e+05	2.398930e-08	1.904996e+01
1.342390e+05	2.540222e-08	1.898782e+01
1.355090e+05	2.746010e-08	1.890324e+01
1.366520e+05	2.986127e-08	1.881223e+01
1.379220e+05	3.385264e-08	1.867602e+01
1.391920e+05	4.127996e-08	1.846065e+01
1.405890e+05	5.726383e-08	1.810530e+01
1.418590e+05	1.053108e-07	1.744382e+01
1.431290e+05	1.472343e-07	1.707998e+01
1.445260e+05	1.131570e-07	1.736580e+01
1.457960e+05	8.168013e-08	1.771971e+01
1.471930e+05	6.255998e-08	1.800926e+01
1.484630e+05	5.629739e-08	1.812378e+01
1.498600e+05	5.790460e-08	1.809322e+01
1.512570e+05	6.347169e-08	1.799355e+01
1.526540e+05	6.592224e-08	1.795242e+01
1.540510e+05	6.254750e-08	1.800948e+01
1.555750e+05	6.026677e-08	1.804981e+01
1.569720e+05	6.389629e-08	1.798631e+01
1.583690e+05	7.421976e-08	1.782370e+01
1.598930e+05	8.428862e-08	1.768558e+01
1.614170e+05	8.003255e-08	1.774183e+01
1.628140e+05	6.632285e-08	1.794584e+01
1.643380e+05	5.544997e-08	1.814025e+01
1.658620e+05	4.956007e-08	1.826217e+01
1.673860e+05	4.766721e-08	1.830445e+01
1.689100e+05	4.899829e-08	1.827455e+01
1.705610e+05	5.162274e-08	1.821790e+01
1.720850e+05	5.057661e-08	1.824013e+01
1.737360e+05	4.614526e-08	1.833968e+01
1.752600e+05	4.267707e-08	1.842451e+01
1.769110e+05	4.125434e-08	1.846133e+01
1.785620e+05	4.196533e-08	1.844277e+01
1.802130e+05	4.351236e-08	1.840347e+01
1.818640e+05	4.128962e-08	1.846040e+01
1.835150e+05	3.938430e-08	1.851169e+01
1.852930e+05	3.874501e-08	1.852946e+01
1.869440e+05	3.869807e-08	1.853078e+01
1.887220e+05	3.892957e-08	1.852430e+01
1.905000e+05	3.933126e-08	1.851316e+01
1.922780e+05	3.988141e-08	1.849807e+01
1.940560e+05	4.053946e-08	1.848031e+01
1.958340e+05	4.130873e-08	1.845990e+01
1.976120e+05	4.225153e-08	1.843539e+01
1.993900e+05	4.347441e-08	1.840442e+01
2.012950e+05	4.522970e-08	1.836144e+01
2.032000e+05	4.683075e-08	1.832367e+01
2.049780e+05	4.912784e-08	1.827168e+01
2.068830e+05	5.510850e-08	1.814695e+01
2.087880e+05	6.922600e-08	1.789933e+01
2.108200e+05	6.167320e-08	1.802476e+01
2.127250e+05	6.132437e-08	1.803092e+01
2.146300e+05	6.407329e-08	1.798331e+01
2.166620e+05	6.583988e-08	1.795378e+01
2.186940e+05	6.592371e-08	1.795240e+01
2.207260e+05	6.713331e-08	1.793265e+01
2.227580e+05	6.086643e-08	1.803906e+01
2.247900e+05	5.843360e-08	1.808334e+01
2.268220e+05	5.835005e-08	1.808490e+01
2.289810e+05	5.594413e-08	1.813061e+01
2.311400e+05	5.468375e-08	1.815535e+01
2.332990e+05	5.430528e-08	1.816289e+01
2.354580e+05	5.443841e-08	1.816024e+01
2.376170e+05	5.535310e-08	1.814215e+01
2.397760e+05	5.760678e-08	1.809882e+01
2.419350e+05	5.655896e-08	1.811875e+01
2.442210e+05	5.519953e-08	1.814516e+01
2.465070e+05	5.487218e-08	1.815162e+01
2.487930e+05	5.486631e-08	1.815174e+01
2.510790e+05	5.501892e-08	1.814872e+01
2.533650e+05	5.519767e-08	1.814520e+01
2.557780e+05	5.543992e-08	1.814044e+01
2.580640e+05	5.569479e-08	1.813546e+01
2.604770e+05	5.605448e-08	1.812847e+01
2.628900e+05	5.643795e-08	1.812107e+01
2.653030e+05	5.685217e-08	1.811313e+01
2.678430e+05	5.730226e-08	1.810457e+01
2.702560e+05	5.775362e-08	1.809605e+01
2.727960e+05	5.828019e-08	1.808620e+01
2.753360e+05	5.882129e-08	1.807616e+01
2.778760e+05	5.943543e-08	1.806489e+01
2.804160e+05	6.005648e-08	1.805360e+01
2.829560e+05	6.068811e-08	1.804224e+01
2.856230e+05	6.135531e-08	1.803037e+01
2.882900e+05	6.204828e-08	1.801818e+01
2.909570e+05	6.285172e-08	1.800421e+01
2.936240e+05	6.368927e-08	1.798983e+01
2.962910e+05	6.457986e-08	1.797476e+01
2.990850e+05	6.549496e-08	1.795948e+01
3.018790e+05	6.646201e-08	1.794357e+01
3.046730e+05	6.750863e-08	1.792660e+01
3.074670e+05	6.860243e-08	1.790915e+01
3.102610e+05	6.975214e-08	1.789111e+01
3.131820e+05	7.094541e-08	1.787269e+01
3.161030e+05	7.220725e-08	1.785355e+01
3.190240e+05	7.352812e-08	1.783387e+01
3.219450e+05	7.491574e-08	1.781357e+01
3.249930e+05	7.636526e-08	1.779276e+01
3.279140e+05	7.789555e-08	1.777122e+01
3.309620e+05	7.946047e-08	1.774962e+01
3.340100e+05	8.115261e-08	1.772674e+01
3.371850e+05	8.288425e-08	1.770382e+01
3.402330e+05	8.469357e-08	1.768037e+01
3.434080e+05	8.656338e-08	1.765666e+01
3.465830e+05	8.852313e-08	1.763236e+01
3.497580e+05	9.056042e-08	1.760765e+01
3.530600e+05	9.266106e-08	1.758276e+01
3.562350e+05	9.482156e-08	1.755773e+01
3.595370e+05	9.703862e-08	1.753264e+01
3.629660e+05	9.932785e-08	1.750732e+01
3.662680e+05	1.016798e-07	1.748191e+01
3.696970e+05	1.040707e-07	1.745668e+01
3.731260e+05	1.065154e-07	1.743147e+01
3.765550e+05	1.089945e-07	1.740649e+01
3.799840e+05	1.115262e-07	1.738156e+01
3.835400e+05	1.140314e-07	1.735744e+01
3.870960e+05	1.165726e-07	1.733351e+01
3.906520e+05	1.191029e-07	1.731019e+01
3.943350e+05	1.216692e-07	1.728705e+01
3.978910e+05	1.242249e-07	1.726448e+01
4.015740e+05	1.267293e-07	1.724281e+01
4.053840e+05	1.292442e-07	1.722147e+01
4.090670e+05	1.317337e-07	1.720076e+01
4.128770e+05	1.341614e-07	1.718093e+01
4.166870e+05	1.365744e-07	1.716158e+01
4.204970e+05	1.389367e-07	1.714296e+01
4.244340e+05	1.412110e-07	1.712533e+01
4.283710e+05	1.434824e-07	1.710800e+01
4.323080e+05	1.457313e-07	1.709112e+01
4.363720e+05	1.479034e-07	1.707505e+01
4.403090e+05	1.500254e-07	1.705959e+01
4.443730e+05	1.521287e-07	1.704447e+01
4.485640e+05	1.541848e-07	1.702990e+01
4.527550e+05	1.561795e-07	1.701594e+01
4.568190e+05	1.581231e-07	1.700251e+01
4.611370e+05	1.601383e-07	1.698876e+01
4.653280e+05	1.620559e-07	1.697584e+01
4.696460e+05	1.639481e-07	1.696323e+01
4.740910e+05	1.658393e-07	1.695078e+01
4.784090e+05	1.677811e-07	1.693814e+01
4.828540e+05	1.696829e-07	1.692590e+01
4.872990e+05	1.715875e-07	1.691379e+01
4.918710e+05	1.735426e-07	1.690148e+01
4.963160e+05	1.754976e-07	1.688932e+01
5.010150e+05	1.774913e-07	1.687706e+01
5.055870e+05	1.795461e-07	1.686456e+01
5.102860e+05	1.816155e-07	1.685212e+01
5.149850e+05	1.838111e-07	1.683907e+01
5.198110e+05	1.860456e-07	1.682595e+01
5.245100e+05	1.883956e-07	1.681232e+01
5.294630e+05	1.908065e-07	1.679852e+01
5.342890e+05	1.933074e-07	1.678438e+01
5.392420e+05	1.959342e-07	1.676972e+01
5.441950e+05	1.987014e-07	1.675450e+01
5.492750e+05	2.015944e-07	1.673880e+01
5.543550e+05	2.045661e-07	1.672292e+01
5.595620e+05	2.076998e-07	1.670641e+01
5.646420e+05	2.110607e-07	1.668898e+01
5.698490e+05	2.145003e-07	1.667143e+01
5.751830e+05	2.181053e-07	1.665333e+01
5.805170e+05	2.219372e-07	1.663442e+01
5.858510e+05	2.259200e-07	1.661511e+01
5.913120e+05	2.301078e-07	1.659517e+01
5.967730e+05	2.345475e-07	1.657442e+01
6.022340e+05	2.391526e-07	1.655331e+01
6.078220e+05	2.439737e-07	1.653164e+01
6.135370e+05	2.490714e-07	1.650919e+01
6.191250e+05	2.543740e-07	1.648632e+01
6.248400e+05	2.599901e-07	1.646261e+01
6.306820e+05	2.658216e-07	1.643852e+01
6.365240e+05	2.719334e-07	1.641384e+01
6.423660e+05	2.783839e-07	1.638839e+01
6.483350e+05	2.850670e-07	1.636263e+01
6.543040e+05	2.921612e-07	1.633594e+01
6.604000e+05	2.994600e-07	1.630915e+01
6.664960e+05	3.071147e-07	1.628175e+01
6.727190e+05	3.150854e-07	1.625393e+01
6.789420e+05	3.234342e-07	1.622554e+01
6.851650e+05	3.320595e-07	1.619696e+01
6.915150e+05	3.410345e-07	1.616800e+01
6.978650e+05	3.504503e-07	1.613843e+01
7.043420e+05	3.602782e-07	1.610840e+01
7.109460e+05	3.705187e-07	1.607797e+01
7.174230e+05	3.809854e-07	1.604773e+01
7.241540e+05	3.919810e-07	1.601684e+01
7.307580e+05	4.033702e-07	1.598574e+01
7.376160e+05	4.151211e-07	1.595456e+01
7.443470e+05	4.274184e-07	1.592287e+01
7.513320e+05	4.402016e-07	1.589087e+01
7.581900e+05	4.533528e-07	1.585891e+01
7.653020e+05	4.668912e-07	1.582696e+01
7.722870e+05	4.809650e-07	1.579472e+01
7.795260e+05	4.954004e-07	1.576261e+01
7.866380e+05	5.103393e-07	1.573035e+01
7.940040e+05	5.257815e-07	1.569799e+01
8.013700e+05	5.417274e-07	1.566555e+01
8.087360e+05	5.583183e-07	1.563280e+01
8.162290e+05	5.751720e-07	1.560051e+01
8.237220e+05	5.923765e-07	1.556851e+01
8.313420e+05	6.103360e-07	1.553608e+01
8.390890e+05	6.289662e-07	1.550343e+01
8.468360e+05	6.478227e-07	1.547136e+01
8.547100e+05	6.670408e-07	1.543962e+01
8.625840e+05	6.869043e-07	1.540776e+01
8.705850e+05	7.072711e-07	1.537604e+01
8.785860e+05	7.281270e-07	1.534448e+01
8.867140e+05	7.493653e-07	1.531327e+01
8.949690e+05	7.710752e-07	1.528226e+01
9.032240e+05	7.934303e-07	1.525123e+01
9.116060e+05	8.163001e-07	1.522038e+01
9.199880e+05	8.396621e-07	1.518974e+01
9.284970e+05	8.635276e-07	1.515931e+01
9.371330e+05	8.876193e-07	1.512943e+01
9.457690e+05	9.124916e-07	1.509943e+01
9.545320e+05	9.375759e-07	1.506998e+01
9.634220e+05	9.629008e-07	1.504105e+01
9.723120e+05	9.888502e-07	1.501217e+01
9.813290e+05	1.015061e-06	1.498377e+01
9.903460e+05	1.041740e-06	1.495560e+01
9.994900e+05	1.068802e-06	1.492776e+01
1.008761e+06	1.096242e-06	1.490023e+01
1.018159e+06	1.123892e-06	1.487319e+01
1.027557e+06	1.151935e-06	1.484643e+01
1.037082e+06	1.180456e-06	1.481988e+01
1.046607e+06	1.208974e-06	1.479396e+01
1.056386e+06	1.238250e-06	1.476798e+01
1.066165e+06	1.267610e-06	1.474254e+01
1.075944e+06	1.297099e-06	1.471757e+01
1.085977e+06	1.327477e-06	1.469243e+01
1.096010e+06	1.357568e-06	1.466810e+01
1.106170e+06	1.387785e-06	1.464419e+01
1.116330e+06	1.418606e-06	1.462035e+01
1.126744e+06	1.449160e-06	1.459721e+01
1.137158e+06	1.480217e-06	1.457419e+01
1.147572e+06	1.511264e-06	1.455165e+01
1.158240e+06	1.542548e-06	1.452940e+01
1.168908e+06	1.573806e-06	1.450762e+01
1.179830e+06	1.605175e-06	1.448619e+01
1.190752e+06	1.636532e-06	1.446519e+01
1.201674e+06	1.667991e-06	1.444452e+01
1.212850e+06	1.699323e-06	1.442431e+01
1.224026e+06	1.730627e-06	1.440449e+01
1.235329e+06	1.761919e-06	1.438504e+01
1.246759e+06	1.793342e-06	1.436584e+01
1.258316e+06	1.824467e-06	1.434716e+01
1.270000e+06	1.855844e-06	1.432865e+01
1.281430e+06	1.886834e-06	1.431067e+01
1.294130e+06	1.917656e-06	1.429307e+01
1.305560e+06	1.948479e-06	1.427576e+01
1.318260e+06	1.979050e-06	1.425886e+01
1.329690e+06	2.009318e-06	1.424238e+01
1.342390e+06	2.039360e-06	1.422627e+01
1.355090e+06	2.069487e-06	1.421034e+01
1.366520e+06	2.099493e-06	1.419471e+01
1.379220e+06	2.129354e-06	1.417938e+01
1.391920e+06	2.158952e-06	1.416439e+01
1.405890e+06	2.188549e-06	1.414961e+01
1.418590e+06	2.218038e-06	1.413508e+01
1.431290e+06	2.247359e-06	1.412082e+01
1.445260e+06	2.276924e-06	1.410663e+01
1.457960e+06	2.306271e-06	1.409272e+01
1.471930e+06	2.335713e-06	1.407895e+01
1.484630e+06	2.365672e-06	1.406511e+01
1.498600e+06	2.394976e-06	1.405175e+01
1.512570e+06	2.424166e-06	1.403859e+01
1.526540e+06	2.453611e-06	1.402549e+01
1.540510e+06	2.483053e-06	1.401253e+01
1.555750e+06	2.512729e-06	1.399964e+01
1.569720e+06	2.542810e-06	1.398672e+01
1.583690e+06	2.572590e-06	1.397407e+01
1.598930e+06	2.604458e-06	1.396071e+01
1.614170e+06	2.635128e-06	1.394800e+01
1.628140e+06	2.667117e-06	1.393489e+01
1.643380e+06	2.698263e-06	1.392229e+01
1.658620e+06	2.730842e-06	1.390926e+01
1.673860e+06	2.764505e-06	1.389596e+01
1.689100e+06	2.795959e-06	1.388367e+01
1.705610e+06	2.827094e-06	1.387165e+01
1.720850e+06	2.855647e-06	1.386074e+01
1.737360e+06	2.883013e-06	1.385038e+01
1.752600e+06	2.903812e-06	1.384258e+01
1.769110e+06	2.919758e-06	1.383663e+01
1.785620e+06	2.931641e-06	1.383222e+01
1.802130e+06	2.936935e-06	1.383026e+01
1.818640e+06	2.938496e-06	1.382969e+01
1.835150e+06	2.934962e-06	1.383099e+01
1.852930e+06	2.928845e-06	1.383326e+01
1.869440e+06	2.920212e-06	1.383646e+01
1.887220e+06	2.911542e-06	1.383969e+01
1.905000e+06	2.902883e-06	1.384293e+01
1.922780e+06	2.891721e-06	1.384711e+01
1.940560e+06	2.880571e-06	1.385130e+01
1.958340e+06	2.869421e-06	1.385551e+01
1.976120e+06	2.856892e-06	1.386027e+01
1.993900e+06	2.845793e-06	1.386449e+01
2.012950e+06	2.834693e-06	1.386873e+01
2.032000e+06	2.822201e-06	1.387353e+01
2.049780e+06	2.811152e-06	1.387779e+01
2.068830e+06	2.797587e-06	1.388304e+01
2.087880e+06	2.784021e-06	1.388832e+01
2.108200e+06	2.771580e-06	1.389318e+01
2.127250e+06	2.758040e-06	1.389850e+01
2.146300e+06	2.743082e-06	1.390440e+01
2.166620e+06	2.729567e-06	1.390977e+01
2.186940e+06	2.713535e-06	1.391616e+01
2.207260e+06	2.698603e-06	1.392215e+01
2.227580e+06	2.682571e-06	1.392862e+01
2.247900e+06	2.666565e-06	1.393512e+01
2.268220e+06	2.649140e-06	1.394224e+01
2.289810e+06	2.633134e-06	1.394882e+01
2.311400e+06	2.615710e-06	1.395603e+01
2.332990e+06	2.597091e-06	1.396378e+01
2.354580e+06	2.577381e-06	1.397205e+01
2.376170e+06	2.558872e-06	1.397988e+01
2.397760e+06	2.539304e-06	1.398821e+01
2.419350e+06	2.519232e-06	1.399683e+01
2.442210e+06	2.498792e-06	1.400567e+01
2.465070e+06	2.477856e-06	1.401481e+01
2.487930e+06	2.456661e-06	1.402414e+01
2.510790e+06	2.434853e-06	1.403382e+01
2.533650e+06	2.412793e-06	1.404370e+01
2.557780e+06	2.390134e-06	1.405394e+01
2.580640e+06	2.367178e-06	1.406442e+01
2.604770e+06	2.343885e-06	1.407516e+01
2.628900e+06	2.320340e-06	1.408612e+01
2.653030e+06	2.296307e-06	1.409743e+01
2.678430e+06	2.272018e-06	1.410897e+01
2.702560e+06	2.247481e-06	1.412076e+01
2.727960e+06	2.222703e-06	1.413280e+01
2.753360e+06	2.197579e-06	1.414514e+01
2.778760e+06	2.172298e-06	1.415770e+01
2.804160e+06	2.146790e-06	1.417053e+01
2.829560e+06	2.120921e-06	1.418369e+01
2.856230e+06	2.095177e-06	1.419695e+01
2.882900e+06	2.069082e-06	1.421056e+01
2.909570e+06	2.042845e-06	1.422441e+01
2.936240e+06	2.016512e-06	1.423850e+01
2.962910e+06	1.990275e-06	1.425272e+01
2.990850e+06	1.963717e-06	1.426730e+01
3.018790e+06	1.937002e-06	1.428217e+01
3.046730e+06	1.910333e-06	1.429723e+01
3.074670e+06	1.882863e-06	1.431295e+01
3.102610e+06	1.855046e-06	1.432911e+01
3.131820e+06	1.826847e-06	1.434574e+01
3.161030e+06	1.798512e-06	1.436272e+01
3.190240e+06	1.769436e-06	1.438041e+01
3.219450e+06	1.739747e-06	1.439878e+01
3.249930e+06	1.709902e-06	1.441757e+01
3.279140e+06	1.680097e-06	1.443666e+01
3.309620e+06	1.650419e-06	1.445601e+01
3.340100e+06	1.620723e-06	1.447573e+01
3.371850e+06	1.591574e-06	1.449543e+01
3.402330e+06	1.562440e-06	1.451549e+01
3.434080e+06	1.533692e-06	1.453565e+01
3.465830e+06	1.505097e-06	1.455609e+01
3.497580e+06	1.476995e-06	1.457655e+01
3.530600e+06	1.449288e-06	1.459711e+01
3.562350e+06	1.421730e-06	1.461796e+01
3.595370e+06	1.394545e-06	1.463892e+01
3.629660e+06	1.367764e-06	1.465997e+01
3.662680e+06	1.341104e-06	1.468134e+01
3.696970e+06	1.314849e-06	1.470281e+01
3.731260e+06	1.288858e-06	1.472449e+01
3.765550e+06	1.263267e-06	1.474626e+01
3.799840e+06	1.237911e-06	1.476828e+01
3.835400e+06	1.212956e-06	1.479039e+01
3.870960e+06	1.188265e-06	1.481272e+01
3.906520e+06	1.163977e-06	1.483514e+01
3.943350e+06	1.140060e-06	1.485768e+01
3.978910e+06	1.116405e-06	1.488045e+01
4.015740e+06	1.093013e-06	1.490344e+01
4.053840e+06	1.070024e-06	1.492652e+01
4.090670e+06	1.047403e-06	1.494972e+01
4.128770e+06	1.025046e-06	1.497314e+01
4.166870e+06	1.003200e-06	1.499653e+01
4.204970e+06	9.815074e-07	1.502027e+01
4.244340e+06	9.603259e-07	1.504395e+01
4.283710e+06	9.395133e-07	1.506774e+01
4.323080e+06	9.188540e-07	1.509188e+01
4.363720e+06	8.985640e-07	1.511613e+01
4.403090e+06	8.787850e-07	1.514029e+01
4.443730e+06	8.591554e-07	1.516482e+01
4.485640e+06	8.400394e-07	1.518925e+01
4.527550e+06	8.211802e-07	1.521390e+01
4.568190e+06	8.025829e-07	1.523878e+01
4.611370e+06	7.843548e-07	1.526372e+01
4.653280e+06	7.665277e-07	1.528868e+01
4.696460e+06	7.489589e-07	1.531385e+01
4.740910e+06	7.317605e-07	1.533908e+01
4.784090e+06	7.148521e-07	1.536446e+01
4.828540e+06	6.983116e-07	1.538988e+01
4.872990e+06	6.821402e-07	1.541532e+01
4.918710e+06	6.661172e-07	1.544112e+01
4.963160e+06	6.506052e-07	1.546671e+01
5.010150e+06	6.352401e-07	1.549266e+01
5.055870e+06	6.202428e-07	1.551860e+01
5.102860e+06	6.055037e-07	1.554471e+01
5.149850e+06	5.911338e-07	1.557079e+01
5.198110e+06	5.770526e-07	1.559696e+01
5.245100e+06	5.630875e-07	1.562356e+01
5.294630e+06	5.496322e-07	1.564982e+01
5.342890e+06	5.364313e-07	1.567621e+01
5.392420e+06	5.234897e-07	1.570273e+01
5.441950e+06	5.106949e-07	1.572960e+01
5.492750e+06	4.982679e-07	1.575634e+01
5.543550e+06	4.862385e-07	1.578288e+01
5.595620e+06	4.743254e-07	1.580981e+01
5.646420e+06	4.626676e-07	1.583683e+01
5.698490e+06	4.512667e-07	1.586392e+01
5.751830e+06	4.401200e-07	1.589107e+01
5.805170e+06	4.291227e-07	1.591855e+01
5.858510e+06	4.184895e-07	1.594579e+01
5.913120e+06	4.081132e-07	1.597305e+01
5.967730e+06	3.978826e-07	1.600061e+01
6.022340e+06	3.879088e-07	1.602818e+01
6.078220e+06	3.783002e-07	1.605541e+01
6.135370e+06	3.686953e-07	1.608333e+01
6.191250e+06	3.594868e-07	1.611079e+01
6.248400e+06	3.502844e-07	1.613895e+01
6.306820e+06	3.414451e-07	1.616670e+01
6.365240e+06	3.327538e-07	1.619469e+01
6.423660e+06	3.243156e-07	1.622258e+01
6.483350e+06	3.159909e-07	1.625081e+01
6.543040e+06	3.079205e-07	1.627890e+01
6.604000e+06	2.999970e-07	1.630721e+01
6.664960e+06	2.923280e-07	1.633532e+01
6.727190e+06	2.847711e-07	1.636376e+01
6.789420e+06	2.776118e-07	1.639141e+01
6.851650e+06	2.703142e-07	1.642033e+01
6.915150e+06	2.634116e-07	1.644841e+01
6.978650e+06	2.565347e-07	1.647713e+01
7.043420e+06	2.498967e-07	1.650560e+01
7.109460e+06	2.433881e-07	1.653425e+01
7.174230e+06	2.370584e-07	1.656286e+01
7.241540e+06	2.308836e-07	1.659152e+01
7.307580e+06	2.248598e-07	1.662022e+01
7.376160e+06	2.189655e-07	1.664906e+01
7.443470e+06	2.132404e-07	1.667783e+01
7.513320e+06	2.076521e-07	1.670666e+01
7.581900e+06	2.021923e-07	1.673559e+01
7.653020e+06	1.968761e-07	1.676452e+01
7.722870e+06	1.916715e-07	1.679361e+01
7.795260e+06	1.866110e-07	1.682266e+01
7.866380e+06	1.816911e-07	1.685167e+01
7.940040e+06	1.768713e-07	1.688086e+01
8.013700e+06	1.721934e-07	1.690996e+01
8.087360e+06	1.676180e-07	1.693920e+01
8.162290e+06	1.631703e-07	1.696840e+01
8.237220e+06	1.588252e-07	1.699770e+01
8.313420e+06	1.546076e-07	1.702692e+01
8.390890e+06	1.504925e-07	1.705621e+01
8.468360e+06	1.464940e-07	1.708545e+01
8.547100e+06	1.425946e-07	1.711474e+01
8.625840e+06	1.388006e-07	1.714402e+01
8.705850e+06	1.350834e-07	1.717350e+01
8.785860e+06	1.314683e-07	1.720295e+01
8.867140e+06	1.279411e-07	1.723247e+01
8.949690e+06	1.245050e-07	1.726203e+01
9.032240e+06	1.211568e-07	1.729163e+01
9.116060e+06	1.178854e-07	1.732135e+01
9.199880e+06	1.147049e-07	1.735104e+01
9.284970e+06	1.116012e-07	1.738083e+01
9.371330e+06	1.085993e-07	1.741043e+01
9.457690e+06	1.056490e-07	1.744034e+01
9.545320e+06	1.027864e-07	1.747016e+01
9.634220e+06	1.000037e-07	1.749996e+01
9.723120e+06	9.728323e-08	1.752990e+01
9.813290e+06	9.463931e-08	1.755982e+01
9.903460e+06	9.207217e-08	1.758968e+01
9.994900e+06	8.955613e-08	1.761976e+01
1.008761e+07	8.711647e-08	1.764975e+01
1.018159e+07	8.472832e-08	1.767993e+01
1.027557e+07	8.240544e-08	1.771011e+01
1.037082e+07	8.014480e-08	1.774031e+01
1.046607e+07	7.793523e-08	1.777067e+01
1.056386e+07	7.580222e-08	1.780080e+01
1.066165e+07	7.369511e-08	1.783140e+01
1.075944e+07	7.165330e-08	1.786191e+01
1.085977e+07	6.967345e-08	1.789233e+01
1.096010e+07	6.774496e-08	1.792281e+01
1.106170e+07	6.585632e-08	1.795351e+01
1.116330e+07	6.402978e-08	1.798404e+01
1.126744e+07	6.224335e-08	1.801477e+01
1.137158e+07	6.049373e-08	1.804572e+01
1.147572e+07	5.880925e-08	1.807639e+01
1.158240e+07	5.716169e-08	1.810724e+01
1.168908e+07	5.555402e-08	1.813821e+01
1.179830e+07	5.398310e-08	1.816936e+01
1.190752e+07	5.246306e-08	1.820037e+01
1.201674e+07	5.098313e-08	1.823143e+01
1.212850e+07	4.955402e-08	1.826230e+01
1.224026e+07	4.815062e-08	1.829350e+01
1.235329e+07	4.678388e-08	1.832476e+01
1.246759e+07	4.545711e-08	1.835600e+01
1.258316e+07	4.416690e-08	1.838726e+01
1.270000e+07	4.291667e-08	1.841844e+01
1.281430e+07	4.169199e-08	1.844987e+01
1.294130e+07	4.050410e-08	1.848125e+01
1.305560e+07	3.935595e-08	1.851247e+01
1.318260e+07	3.824433e-08	1.854358e+01
1.329690e+07	3.714728e-08	1.857518e+01
1.342390e+07	3.610109e-08	1.860620e+01
1.355090e+07	3.505540e-08	1.863811e+01
1.366520e+07	3.406030e-08	1.866938e+01
1.379220e+07	3.307656e-08	1.870120e+01
1.391920e+07	3.213257e-08	1.873264e+01
1.405890e+07	3.121411e-08	1.876412e+01
1.418590e+07	3.032122e-08	1.879563e+01
1.431290e+07	2.945376e-08	1.882715e+01
1.445260e+07	2.859779e-08	1.885917e+01
1.457960e+07	2.778142e-08	1.889061e+01
1.471930e+07	2.699048e-08	1.892197e+01
1.484630e+07	2.621090e-08	1.895380e+01
1.498600e+07	2.544575e-08	1.898596e+01
1.512570e+07	2.471644e-08	1.901754e+01
1.526540e+07	2.400433e-08	1.904928e+01
1.540510e+07	2.331024e-08	1.908113e+01
1.555750e+07	2.263796e-08	1.911291e+01
1.569720e+07	2.198214e-08	1.914483e+01
1.583690e+07	2.134670e-08	1.917667e+01
1.598930e+07	2.072931e-08	1.920854e+01
1.614170e+07	2.012962e-08	1.924041e+01
1.628140e+07	1.954527e-08	1.927240e+01
1.643380e+07	1.897904e-08	1.930431e+01
1.658620e+07	1.842780e-08	1.933632e+01
1.673860e+07	1.789329e-08	1.936827e+01
1.689100e+07	1.737410e-08	1.940024e+01
1.705610e+07	1.687022e-08	1.943220e+01
1.720850e+07	1.637909e-08	1.946428e+01
1.737360e+07	1.590327e-08	1.949628e+01
1.752600e+07	1.544133e-08	1.952829e+01
1.769110e+07	1.499245e-08	1.956032e+01
1.785620e+07	1.455602e-08	1.959239e+01
1.802130e+07	1.413266e-08	1.962444e+01
1.818640e+07	1.372062e-08	1.965657e+01
1.835150e+07	1.332135e-08	1.968863e+01
1.852930e+07	1.293370e-08	1.972069e+01
1.869440e+07	1.255738e-08	1.975275e+01
1.887220e+07	1.219127e-08	1.978488e+01
1.905000e+07	1.183678e-08	1.981692e+01
1.922780e+07	1.149219e-08	1.984899e+01
1.940560e+07	1.115810e-08	1.988102e+01
1.958340e+07	1.083281e-08	1.991315e+01
1.976120e+07	1.051771e-08	1.994520e+01
1.993900e+07	1.021169e-08	1.997726e+01
2.012950e+07	9.914436e-09	2.000933e+01
2.032000e+07	9.624862e-09	2.004151e+01
2.049780e+07	9.344355e-09	2.007363e+01
2.068830e+07	9.072614e-09	2.010567e+01
2.087880e+07	8.807430e-09	2.013788e+01
2.108200e+07	8.550994e-09	2.016996e+01
2.127250e+07	8.301112e-09	2.020216e+01
2.146300e+07	8.059971e-09	2.023417e+01
2.166620e+07	7.825369e-09	2.026624e+01
2.186940e+07	7.598420e-09	2.029819e+01
2.207260e+07	7.376594e-09	2.033036e+01
2.227580e+07	7.160964e-09	2.036257e+01
2.247900e+07	6.952987e-09	2.039457e+01
2.268220e+07	6.750453e-09	2.042667e+01
2.289810e+07	6.553784e-09	2.045877e+01
2.311400e+07	6.362555e-09	2.049092e+01
2.332990e+07	6.177854e-09	2.052291e+01
2.354580e+07	5.997933e-09	2.055500e+01
2.376170e+07	5.823123e-09	2.058711e+01
2.397760e+07	5.654827e-09	2.061895e+01
2.419350e+07	5.489113e-09	2.065124e+01
2.442210e+07	5.329608e-09	2.068326e+01
2.465070e+07	5.174074e-09	2.071542e+01
2.487930e+07	5.024739e-09	2.074722e+01
2.510790e+07	4.878316e-09	2.077933e+01
2.533650e+07	4.736644e-09	2.081132e+01
2.557780e+07	4.598972e-09	2.084335e+01
2.580640e+07	4.466386e-09	2.087511e+01
2.604770e+07	4.336352e-09	2.090719e+01
2.628900e+07	4.210000e-09	2.093929e+01
2.653030e+07	4.087634e-09	2.097132e+01
2.678430e+07	3.970327e-09	2.100293e+01
2.702560e+07	3.854181e-09	2.103517e+01
2.727960e+07	3.743428e-09	2.106683e+01
2.753360e+07	3.634909e-09	2.109877e+01
2.778760e+07	3.530379e-09	2.113045e+01
2.804160e+07	3.426971e-09	2.116272e+01
2.829560e+07	3.327562e-09	2.119468e+01
2.856230e+07	3.232089e-09	2.122629e+01
2.882900e+07	3.138875e-09	2.125806e+01
2.909570e+07	3.047120e-09	2.129028e+01
2.936240e+07	2.960423e-09	2.132162e+01
2.962910e+07	2.873752e-09	2.135388e+01
2.990850e+07	2.790748e-09	2.138570e+01
3.018790e+07	2.710591e-09	2.141734e+01
3.046730e+07	2.632672e-09	2.144901e+01
3.074670e+07	2.556196e-09	2.148101e+01
3.102610e+07	2.483295e-09	2.151243e+01
3.131820e+07	2.411872e-09	2.154411e+01
3.161030e+07	2.342389e-09	2.157585e+01
3.190240e+07	2.275200e-09	2.160745e+01
3.219450e+07	2.209905e-09	2.163907e+01
3.249930e+07	2.146291e-09	2.167078e+01
3.279140e+07	2.084822e-09	2.170233e+01
3.309620e+07	2.025163e-09	2.173385e+01
3.340100e+07	1.967154e-09	2.176540e+01
3.371850e+07	1.910786e-09	2.179697e+01
3.402330e+07	1.856090e-09	2.182850e+01
3.434080e+07	1.803176e-09	2.185990e+01
3.465830e+07	1.751540e-09	2.189145e+01
3.497580e+07	1.701687e-09	2.192280e+01
3.530600e+07	1.653111e-09	2.195424e+01
3.562350e+07	1.606061e-09	2.198559e+01
3.595370e+07	1.560289e-09	2.201699e+01
3.629660e+07	1.515934e-09	2.204830e+01
3.662680e+07	1.472822e-09	2.207962e+01
3.696970e+07	1.431016e-09	2.211089e+01
3.731260e+07	1.390342e-09	2.214220e+01
3.765550e+07	1.350943e-09	2.217341e+01
3.799840e+07	1.312706e-09	2.220458e+01
3.835400e+07	1.275347e-09	2.223593e+01
3.870960e+07	1.239117e-09	2.226722e+01
3.906520e+07	1.203941e-09	2.229849e+01
3.943350e+07	1.169784e-09	2.232974e+01
3.978910e+07	1.136615e-09	2.236097e+01
4.015740e+07	1.104495e-09	2.239209e+01
4.053840e+07	1.073143e-09	2.242336e+01
4.090670e+07	1.042669e-09	2.245463e+01
4.128770e+07	1.013353e-09	2.248560e+01
4.166870e+07	9.846623e-10	2.251678e+01
4.204970e+07	9.568771e-10	2.254786e+01
4.244340e+07	9.299685e-10	2.257883e+01
4.283710e+07	9.035722e-10	2.261009e+01
4.323080e+07	8.781942e-10	2.264102e+01
4.363720e+07	8.534702e-10	2.267203e+01
4.403090e+07	8.295089e-10	2.270295e+01
4.443730e+07	8.061699e-10	2.273393e+01
4.485640e+07	7.835947e-10	2.276477e+01
4.527550e+07	7.616738e-10	2.279558e+01
4.568190e+07	7.402651e-10	2.282653e+01
4.611370e+07	7.194748e-10	2.285746e+01
4.653280e+07	6.993387e-10	2.288828e+01
4.696460e+07	6.798235e-10	2.291901e+01
4.740910e+07	6.609597e-10	2.294956e+01
4.784090e+07	6.423553e-10	2.298056e+01
4.828540e+07	6.245124e-10	2.301115e+01
4.872990e+07	6.070374e-10	2.304196e+01
4.918710e+07	5.902141e-10	2.307248e+01
4.963160e+07	5.737586e-10	2.310318e+01
5.010150e+07	5.579547e-10	2.313350e+01
5.055870e+07	5.424077e-10	2.316419e+01
5.102860e+07	5.273692e-10	2.319471e+01
5.149850e+07	5.126984e-10	2.322535e+01
5.198110e+07	4.984251e-10	2.325600e+01
5.245100e+07	4.846603e-10	2.328641e+01
5.294630e+07	4.712633e-10	2.331684e+01
5.342890e+07	4.581220e-10	2.334755e+01
5.392420e+07	4.455197e-10	2.337783e+01
5.441950e+07	4.331436e-10	2.340842e+01
5.492750e+07	4.211636e-10	2.343887e+01
5.543550e+07	4.094404e-10	2.346952e+01
5.595620e+07	3.982242e-10	2.349968e+01
5.646420e+07	3.872637e-10	2.352998e+01
5.698490e+07	3.766699e-10	2.356010e+01
5.751830e+07	3.662215e-10	2.359064e+01
5.805170e+07	3.561387e-10	2.362095e+01
5.858510e+07	3.463421e-10	2.365124e+01
5.913120e+07	3.367678e-10	2.368167e+01
5.967730e+07	3.275921e-10	2.371167e+01
6.022340e+07	3.186717e-10	2.374164e+01
6.078220e+07	3.098627e-10	2.377208e+01
6.135370e+07	3.013409e-10	2.380235e+01
6.191250e+07	2.931836e-10	2.383215e+01
6.248400e+07	2.851399e-10	2.386236e+01
6.306820e+07	2.772405e-10	2.389286e+01
6.365240e+07	2.698481e-10	2.392220e+01
6.423660e+07	2.624558e-10	2.395236e+01
6.483350e+07	2.553191e-10	2.398229e+01
6.543040e+07	2.483012e-10	2.401255e+01
6.604000e+07	2.415330e-10	2.404256e+01
6.664960e+07	2.349687e-10	2.407248e+01
6.727190e+07	2.285689e-10	2.410246e+01
6.789420e+07	2.223606e-10	2.413236e+01
6.851650e+07	2.163062e-10	2.416233e+01
6.915150e+07	2.104302e-10	2.419223e+01
6.978650e+07	2.047322e-10	2.422203e+01
7.043420e+07	1.991871e-10	2.425185e+01
7.109460e+07	1.937810e-10	2.428172e+01
7.174230e+07	1.885308e-10	2.431154e+01
7.241540e+07	1.834303e-10	2.434132e+01
7.307580e+07	1.784716e-10	2.437108e+01
7.376160e+07	1.736546e-10	2.440078e+01
7.443470e+07	1.689620e-10	2.443053e+01
7.513320e+07	1.644000e-10	2.446025e+01
7.581900e+07	1.599765e-10	2.448986e+01
7.653020e+07	1.556803e-10	2.451942e+01
7.722870e+07	1.514863e-10	2.454907e+01
7.795260e+07	1.474086e-10	2.457869e+01
7.866380e+07	1.434440e-10	2.460829e+01
7.940040e+07	1.395923e-10	2.463785e+01
8.013700e+07	1.358460e-10	2.466738e+01
8.087360e+07	1.322126e-10	2.469682e+01
8.162290e+07	1.286700e-10	2.472631e+01
8.237220e+07	1.252152e-10	2.475586e+01
8.313420e+07	1.218764e-10	2.478520e+01
8.390890e+07	1.186252e-10	2.481456e+01
8.468360e+07	1.154509e-10	2.484401e+01
8.547100e+07	1.123672e-10	2.487340e+01
8.625840e+07	1.093709e-10	2.490275e+01
8.705850e+07	1.064655e-10	2.493198e+01
8.785860e+07	1.036224e-10	2.496137e+01
8.867140e+07	1.008809e-10	2.499048e+01
8.949690e+07	9.817963e-11	2.501995e+01
9.032240e+07	9.557993e-11	2.504908e+01
9.116060e+07	9.304245e-11	2.507830e+01
9.199880e+07	9.055620e-11	2.510770e+01
9.284970e+07	8.816038e-11	2.513682e+01
9.371330e+07	8.581584e-11	2.516608e+01
9.457690e+07	8.353335e-11	2.519535e+01
9.545320e+07	8.131616e-11	2.522456e+01
9.634220e+07	7.917523e-11	2.525353e+01
9.723120e+07	7.707112e-11	2.528277e+01
9.813290e+07	7.503229e-11	2.531188e+01
9.903460e+07	7.305556e-11	2.534087e+01
9.994900e+07	7.111880e-11	2.537004e+01
1.008761e+08	6.924401e-11	2.539904e+01
1.018159e+08	6.742338e-11	2.542797e+01
1.027557e+08	6.565056e-11	2.545690e+01
1.037082e+08	6.391758e-11	2.548595e+01
1.046607e+08	6.223557e-11	2.551490e+01
1.056386e+08	6.060441e-11	2.554374e+01
1.066165e+08	5.901007e-11	2.557268e+01
1.075944e+08	5.746656e-11	2.560146e+01
1.085977e+08	5.596292e-11	2.563025e+01
1.096010e+08	5.448497e-11	2.565931e+01
1.106170e+08	5.305771e-11	2.568813e+01
1.116330e+08	5.168145e-11	2.571666e+01
1.126744e+08	5.031655e-11	2.574572e+01
1.137158e+08	4.901656e-11	2.577414e+01
1.147572e+08	4.771708e-11	2.580332e+01
1.158240e+08	4.646820e-11	2.583211e+01
1.168908e+08	4.524499e-11	2.586107e+01
1.179830e+08	4.405831e-11	2.588993e+01
1.190752e+08	4.290039e-11	2.591885e+01
1.201674e+08	4.176471e-11	2.594798e+01
1.212850e+08	4.066888e-11	2.597684e+01
1.224026e+08	3.959848e-11	2.600580e+01
1.235329e+08	3.856460e-11	2.603453e+01
1.246759e+08	3.754531e-11	2.606361e+01
1.258316e+08	3.655143e-11	2.609274e+01
1.270000e+08	3.560841e-11	2.612112e+01
