1.07461e+10 5.97119e-17 5.97119e-17 5.97119e-17 5.97119e-17 5.97119e-17 2.84518e-16 3.09914e-16 1.6572e-16 0 1.13405e-115 3.12066 0
1.24094e+10 4.63726e-17 4.63726e-17 4.63726e-17 4.63726e-17 4.63726e-17 2.16978e-16 2.36473e-16 1.75528e-16 0 8.50436e-116 3.7357 0
1.43301e+10 3.6015e-17 3.6015e-17 3.6015e-17 3.6015e-17 3.6015e-17 1.65221e-16 1.80297e-16 1.70808e-16 0 6.3775e-116 4.47195 0
1.65482e+10 2.73044e-17 2.73044e-17 2.73044e-17 2.73044e-17 2.73044e-17 1.25728e-16 1.37269e-16 1.58852e-16 0 4.78253e-116 5.35331 0
1.91095e+10 1.82582e-17 1.82582e-17 1.82582e-17 1.82582e-17 1.82582e-17 9.5558e-17 1.0446e-16 1.51371e-16 0 3.58645e-116 6.40836 0
2.20673e+10 8.73545e-18 8.73545e-18 8.73545e-18 8.73545e-18 8.73545e-18 7.26002e-17 7.94005e-17 1.34541e-16 0 2.68949e-116 7.67135 34.7254
2.5483e+10 2.88066e-18 2.88066e-18 2.88066e-18 2.88066e-18 2.88066e-18 5.51036e-17 6.0338e-17 1.19377e-16 0 2.01686e-116 9.18326 22.9578
2.94273e+10 8.34087e-19 8.34087e-19 8.34087e-19 8.34087e-19 8.34087e-19 4.18166e-17 4.58082e-17 1.03212e-16 0 1.51245e-116 10.9931 15.5417
3.39821e+10 2.52501e-19 2.52501e-19 2.52501e-19 2.52501e-19 2.52501e-19 3.1708e-17 3.47755e-17 8.8786e-17 0 1.13419e-116 13.1597 10.7604
3.92419e+10 8.41855e-20 8.41856e-20 8.41856e-20 8.41856e-20 8.41856e-20 2.40429e-17 2.63789e-17 7.39539e-17 0 8.50527e-117 15.7533 7.61059
4.53158e+10 3.10425e-20 3.10426e-20 3.10426e-20 3.10426e-20 3.10426e-20 1.82186e-17 2.00113e-17 6.13669e-17 0 6.3781e-117 18.8581 5.49245
5.23299e+10 1.2561e-20 1.25611e-20 1.25611e-20 1.25611e-20 1.25611e-20 1.38068e-17 1.51708e-17 5.1638e-17 0 4.78293e-117 22.5747 4.04008
6.04296e+10 5.51792e-21 5.51799e-21 5.51799e-21 5.51799e-21 5.51799e-21 1.04575e-17 1.15031e-17 4.02674e-17 0 3.58671e-117 27.0238 3.02568
6.97831e+10 2.60683e-21 2.60688e-21 2.60688e-21 2.60688e-21 2.60688e-21 7.92474e-18 8.73555e-18 3.31826e-17 0 2.68967e-117 32.3498 2.3047
8.05842e+10 1.3124e-21 1.31244e-21 1.31244e-21 1.31244e-21 1.31244e-21 6.00659e-18 6.63934e-18 2.67704e-17 0 2.01697e-117 38.7255 1.78376
9.30572e+10 6.98225e-22 6.98258e-22 6.98258e-22 6.98258e-22 6.98258e-22 4.55354e-18 5.04916e-18 2.0773e-17 0 1.51252e-117 46.3577 1.40144
1.07461e+11 3.89695e-22 3.89721e-22 3.89721e-22 3.89721e-22 3.89721e-22 3.45254e-18 3.84138e-18 1.67885e-17 0 1.13424e-117 55.4941 1.11671
1.24094e+11 2.26693e-22 2.26713e-22 2.26713e-22 2.26713e-22 2.26713e-22 2.61812e-18 2.92318e-18 1.28721e-17 0 8.50559e-118 66.4312 0.901709
1.43301e+11 1.36674e-22 1.36691e-22 1.36691e-22 1.36691e-22 1.36691e-22 1.98559e-18 2.22464e-18 1.00386e-17 0 6.37831e-118 79.5238 0.737233
1.65482e+11 8.50404e-23 8.50549e-23 8.50549e-23 8.50549e-23 8.50549e-23 1.506e-18 1.69296e-18 8.12582e-18 0 4.78307e-118 95.1967 0.609868
1.91095e+11 5.44409e-23 5.44533e-23 5.44533e-23 5.44533e-23 5.44533e-23 1.14231e-18 1.28819e-18 5.85785e-18 0 3.5868e-118 113.959 0.510106
2.20673e+11 3.57304e-23 3.57412e-23 3.57412e-23 3.57412e-23 3.57412e-23 8.66462e-19 9.79966e-19 4.69652e-18 0 2.68973e-118 136.418 0.431129
2.5483e+11 2.40073e-23 2.40167e-23 2.40167e-23 2.40167e-23 2.40167e-23 6.57216e-19 7.45263e-19 3.56729e-18 0 2.01701e-118 163.304 0.367983
2.94273e+11 1.64854e-23 1.64938e-23 1.64938e-23 1.64938e-23 1.64938e-23 4.9847e-19 5.66548e-19 2.62025e-18 0 1.51255e-118 195.489 0.317029
3.39821e+11 1.15455e-23 1.1553e-23 1.1553e-23 1.1553e-23 1.1553e-23 3.78029e-19 4.30482e-19 2.08799e-18 0 1.13425e-118 0 0.275565
3.92419e+11 8.24379e-24 8.2506e-24 8.2506e-24 8.2506e-24 8.2506e-24 2.86644e-19 3.26922e-19 1.4974e-18 0 8.5057e-119 0 0.241562
4.53158e+11 5.98895e-24 5.99513e-24 5.99513e-24 5.99513e-24 5.99513e-24 2.17305e-19 2.48119e-19 1.12683e-18 0 6.37838e-119 0 0.213483
5.23299e+11 4.42068e-24 4.42629e-24 4.42629e-24 4.42629e-24 4.42629e-24 1.64695e-19 1.88172e-19 8.89001e-19 0 4.78311e-119 0 0.190154
6.04296e+11 3.3142e-24 3.31928e-24 3.31928e-24 3.31928e-24 3.31928e-24 1.2478e-19 1.42599e-19 5.9638e-19 0 3.58683e-119 0 0.170669
6.97831e+11 2.51689e-24 2.52145e-24 2.52145e-24 2.52145e-24 2.52145e-24 9.45009e-20 1.07966e-19 4.67271e-19 0 2.68975e-119 0 0.154323
8.05842e+11 1.93454e-24 1.93861e-24 1.93861e-24 1.93861e-24 1.93861e-24 7.15351e-20 8.16584e-20 3.45362e-19 0 2.01703e-119 0 0.140565
9.30572e+11 1.50301e-24 1.5066e-24 1.5066e-24 1.5066e-24 1.5066e-24 5.412e-20 6.16948e-20 2.43829e-19 0 1.51256e-119 0 0.12896
1.07461e+12 1.17843e-24 1.18156e-24 1.18156e-24 1.18156e-24 1.18156e-24 4.09177e-20 4.65532e-20 1.87839e-19 0 1.13426e-119 0 0.119166
1.24094e+12 9.31601e-25 9.34299e-25 9.34299e-25 9.34299e-25 9.34299e-25 3.09128e-20 3.50759e-20 1.28498e-19 0 8.50574e-120 0 0.110908
1.43301e+12 7.41484e-25 7.43786e-25 7.43786e-25 7.43786e-25 7.43786e-25 2.3334e-20 2.63922e-20 9.38928e-20 0 6.3784e-120 0 0.103969
1.65482e+12 5.93546e-25 5.95493e-25 5.95493e-25 5.95493e-25 5.95493e-25 1.75959e-20 1.9823e-20 7.27803e-20 0 4.78313e-120 0 0.098177
1.91095e+12 4.77515e-25 4.7915e-25 4.7915e-25 4.7915e-25 4.7915e-25 1.32541e-20 1.48632e-20 4.67694e-20 0 3.58684e-120 0 0.0933933
2.20673e+12 3.8565e-25 3.87015e-25 3.87015e-25 3.87015e-25 3.87015e-25 9.97115e-21 1.11178e-20 3.57747e-20 0 2.68975e-120 0 0.0895108
2.5483e+12 3.12451e-25 3.13586e-25 3.13586e-25 3.13586e-25 3.13586e-25 7.49079e-21 8.29794e-21 2.55068e-20 0 2.01703e-120 0 0.0864461
2.94273e+12 2.53767e-25 2.54711e-25 2.54711e-25 2.54711e-25 2.54711e-25 5.61851e-21 6.17862e-21 1.73438e-20 0 1.51256e-120 0 0.0841374
3.39821e+12 2.06462e-25 2.07248e-25 2.07248e-25 2.07248e-25 2.07248e-25 4.20674e-21 4.58722e-21 1.33538e-20 0 1.13426e-120 0 0.082541
3.92419e+12 1.68177e-25 1.68836e-25 1.68836e-25 1.68836e-25 1.68836e-25 3.14352e-21 3.3958e-21 8.77375e-21 0 8.50575e-121 0 0.08163
4.53158e+12 1.37072e-25 1.37627e-25 1.37627e-25 1.37627e-25 1.37627e-25 2.34386e-21 2.5059e-21 6.39868e-21 0 6.37841e-121 0 0.0813928
5.23299e+12 1.11728e-25 1.12199e-25 1.12199e-25 1.12199e-25 1.12199e-25 1.7434e-21 1.84272e-21 4.73866e-21 0 4.78314e-121 0 0.0818329
6.04296e+12 9.10362e-26 9.14358e-26 9.14358e-26 9.14358e-26 9.14358e-26 1.29329e-21 1.35095e-21 2.98486e-21 0 3.58685e-121 0 0.0829683
6.97831e+12 7.41103e-26 7.44506e-26 7.44506e-26 7.44506e-26 7.44506e-26 9.56565e-22 9.86396e-22 2.22042e-21 0 2.68976e-121 0 0.0848322
8.05842e+12 6.02525e-26 6.05426e-26 6.05426e-26 6.05426e-26 6.05426e-26 7.05249e-22 7.16174e-22 1.55561e-21 0 2.01703e-121 0 0.0874729
9.30572e+12 4.88954e-26 4.91434e-26 4.91434e-26 4.91434e-26 4.91434e-26 5.18098e-22 5.18409e-22 1.04141e-21 0 1.51256e-121 0 0.0909553
1.07461e+13 3.95882e-26 3.98014e-26 3.98014e-26 3.98014e-26 3.98014e-26 3.79142e-22 3.73446e-22 7.83381e-22 0 1.13426e-121 0 0.0953611
1.24094e+13 3.19677e-26 3.21531e-26 3.21531e-26 3.21531e-26 3.21531e-26 2.76327e-22 2.66814e-22 5.09353e-22 0 8.50575e-122 0 0.10079
1.43301e+13 2.57244e-26 2.58889e-26 2.58889e-26 2.58889e-26 2.58889e-26 2.00444e-22 1.89856e-22 3.58371e-22 0 6.37842e-122 0 0.10736
1.65482e+13 2.06243e-26 2.07749e-26 2.07749e-26 2.07749e-26 2.07749e-26 1.44717e-22 1.34068e-22 2.68744e-22 0 4.78314e-122 0 0.115206
1.91095e+13 1.64511e-26 1.6595e-26 1.6595e-26 1.6595e-26 1.6595e-26 1.03875e-22 9.39753e-23 1.6036e-22 0 3.58685e-122 0 0.12448
2.20673e+13 1.3063e-26 1.32077e-26 1.32077e-26 1.32077e-26 1.32077e-26 7.42017e-23 6.52926e-23 1.19296e-22 0 2.68976e-122 0 0.135345
2.5483e+13 1.02935e-26 1.04464e-26 1.04464e-26 1.04464e-26 1.04464e-26 5.26151e-23 4.49852e-23 8.19655e-23 0 2.01703e-122 0 0.147968
2.94273e+13 8.03626e-27 8.20297e-27 8.20297e-27 8.20297e-27 8.20297e-27 3.69997e-23 3.04165e-23 5.19336e-23 0 1.51256e-122 0 0.162507
3.39821e+13 6.23971e-27 6.42276e-27 6.42276e-27 6.42276e-27 6.42276e-27 2.59198e-23 2.05684e-23 3.82117e-23 0 1.13426e-122 0 0.179093
3.92419e+13 4.77433e-27 4.97032e-27 4.97032e-27 4.97032e-27 4.97032e-27 1.7928e-23 1.36578e-23 2.59542e-23 0 8.50576e-123 0 0.197804
4.53158e+13 3.59825e-27 3.80006e-27 3.80006e-27 3.80006e-27 3.80006e-27 1.22393e-23 8.96444e-24 1.67517e-23 0 6.37842e-123 0 0.218621
5.23299e+13 2.71012e-27 2.91148e-27 2.91148e-27 2.91148e-27 2.91148e-27 8.36765e-24 5.88921e-24 1.30575e-23 0 4.78314e-123 0 0.241387
6.04296e+13 1.98128e-27 2.16999e-27 2.16999e-27 2.16999e-27 2.16999e-27 5.55917e-24 3.84595e-24 7.57494e-24 0 3.58685e-123 0 0.265741
6.97831e+13 1.45907e-27 1.63156e-27 1.63156e-27 1.63156e-27 1.63156e-27 3.72389e-24 2.47996e-24 5.10079e-24 0 2.68976e-123 0 0.291055
8.05842e+13 1.024e-27 1.1703e-27 1.1703e-27 1.1703e-27 1.1703e-27 2.37704e-24 1.62075e-24 3.72813e-24 0 2.01703e-123 0 0.316368
9.30572e+13 6.93465e-28 8.1256e-28 8.1256e-28 8.1256e-28 8.1256e-28 1.46745e-24 1.07984e-24 2.09264e-24 0 1.51256e-123 0 0.340344
1.07461e+14 4.81706e-28 5.87032e-28 5.87032e-28 5.87032e-28 5.87032e-28 9.42565e-25 7.41889e-25 1.31612e-24 0 1.13426e-123 0 0
1.24094e+14 2.87615e-28 3.83306e-28 3.83306e-28 3.83306e-28 3.83306e-28 5.46396e-25 5.39339e-25 1.02417e-24 0 8.50576e-124 0 0
1.43301e+14 1.41836e-28 2.37296e-28 2.37296e-28 2.37296e-28 2.37296e-28 3.00035e-25 3.97992e-25 5.42628e-25 0 6.37842e-124 0 0
1.65482e+14 5.72539e-29 1.64056e-28 1.64056e-28 1.64056e-28 1.64056e-28 1.8412e-25 3.10114e-25 4.39805e-25 0 4.78314e-124 0 0
1.91095e+14 1.06404e-29 9.4246e-29 9.4246e-29 9.4246e-29 9.4246e-29 9.36915e-26 2.51219e-25 2.0918e-25 0 3.58685e-124 0 0
2.20673e+14 8.81012e-31 6.34894e-29 6.34894e-29 6.34894e-29 6.34894e-29 5.5974e-26 2.06048e-25 1.7689e-25 0 2.68976e-124 0 0
2.5483e+14 1.47122e-32 3.46189e-29 3.46189e-29 3.46189e-29 3.46189e-29 2.70078e-26 1.73637e-25 8.9206e-26 0 2.01703e-124 0 0
2.94273e+14 4.06182e-35 1.83011e-29 1.83011e-29 1.83011e-29 1.83011e-29 1.26267e-26 1.47273e-25 9.51251e-26 0 1.51256e-124 0 0
3.39821e+14 1.93509e-38 1.24715e-29 1.24715e-29 1.24715e-29 1.24715e-29 7.62718e-27 1.25469e-25 7.28019e-26 0 1.13426e-124 0 0
3.92419e+14 9.03903e-43 6.44062e-30 6.44062e-30 6.44062e-30 6.44062e-30 3.48187e-27 1.0591e-25 4.93006e-26 0 8.50576e-125 0 0
4.53158e+14 7.15404e-48 3.56528e-30 3.56528e-30 3.56528e-30 3.56528e-30 1.70468e-27 8.97469e-26 3.9905e-26 0 6.37842e-125 0 0
5.23299e+14 1.76766e-53 2.57972e-30 2.57972e-30 2.57972e-30 2.57972e-30 1.09297e-27 7.62432e-26 2.67736e-26 0 4.78314e-125 0 0
6.04296e+14 1.63291e-59 1.65834e-30 1.65834e-30 1.65834e-30 1.65834e-30 6.21679e-28 6.2134e-26 2.52777e-26 0 3.58685e-125 0 0
6.97831e+14 1.44291e-65 1.27409e-30 1.27409e-30 1.27409e-30 1.27409e-30 4.22675e-28 5.11833e-26 1.76198e-26 0 2.68976e-125 0 0
8.05842e+14 1.79395e-71 9.05477e-31 9.05477e-31 9.05477e-31 9.05477e-31 2.65545e-28 4.10043e-26 1.6491e-26 0 2.01703e-125 0 0
9.30572e+14 6.01854e-77 6.40938e-31 6.40938e-31 6.40938e-31 6.40938e-31 1.6606e-28 3.144e-26 1.16139e-26 0 1.51256e-125 0 0
1.07461e+15 9.53423e-82 4.94938e-31 4.94938e-31 4.94938e-31 4.94938e-31 1.13237e-28 2.44007e-26 8.73556e-27 0 1.13426e-125 0 0
1.24094e+15 8.07654e-86 3.37117e-31 3.37117e-31 3.37117e-31 3.37117e-31 6.80726e-29 1.84351e-26 6.98073e-27 0 8.50576e-126 0 0
1.43301e+15 4.71537e-89 2.13494e-31 2.13494e-31 2.13494e-31 2.13494e-31 3.80348e-29 1.32948e-26 5.09414e-27 0 6.37842e-126 0 0
1.65482e+15 2.61383e-91 1.60693e-31 1.60693e-31 1.60693e-31 1.60693e-31 2.52515e-29 9.11784e-27 3.84257e-27 0 4.78314e-126 0 0
1.91095e+15 8.45336e-93 9.12927e-32 9.12927e-32 9.12927e-32 9.12927e-32 1.26505e-29 6.20948e-27 2.64167e-27 0 3.58685e-126 0 0
2.20673e+15 2.32821e-93 6.42838e-32 6.42838e-32 6.42838e-32 6.42838e-32 7.85388e-30 4.14168e-27 1.76731e-27 0 2.68976e-126 0 0
2.5483e+15 2.65745e-93 3.26468e-32 3.26468e-32 3.26468e-32 3.26468e-32 3.51616e-30 2.50311e-27 1.15176e-27 0 2.01703e-126 0 0
2.94273e+15 1.1849e-92 1.40097e-32 1.40097e-32 1.40097e-32 1.40097e-32 1.33001e-30 1.50982e-27 7.19975e-28 0 1.51256e-126 0 0
3.39821e+15 3.02631e-91 9.44019e-33 9.44019e-33 9.44019e-33 9.44019e-33 7.89898e-31 7.97776e-28 4.0809e-28 0 1.13426e-126 0 0
3.92419e+15 1.11495e-89 3.19961e-33 3.19961e-33 3.19961e-33 3.19961e-33 2.35957e-31 4.39911e-28 2.44842e-28 0 8.50576e-127 0 0
4.53158e+15 6.82389e-88 7.92703e-34 7.92703e-34 7.92703e-34 7.92703e-34 5.15217e-32 2.18444e-28 1.1766e-28 0 6.37842e-127 0 0
5.23299e+15 1.93661e-85 4.97391e-34 4.97391e-34 4.97391e-34 4.97391e-34 2.84928e-32 9.93057e-29 6.12648e-29 0 4.78314e-127 0 0
6.04296e+15 1.85449e-83 6.98664e-35 6.98664e-35 6.98664e-35 6.98664e-35 3.52774e-33 4.66987e-29 2.68433e-29 0 3.58685e-127 0 0
6.97831e+15 1.02548e-80 4.45684e-35 4.45684e-35 4.45684e-35 4.45684e-35 1.98381e-33 1.74175e-29 1.0716e-29 0 2.68976e-127 0 0
8.05842e+15 4.43769e-79 2.02248e-36 2.02248e-36 2.02248e-36 2.02248e-36 7.93737e-35 8.16207e-30 3.27855e-30 0 2.01703e-127 0 0
9.30572e+15 1.59936e-82 7.83583e-43 7.83583e-43 7.83583e-43 7.83583e-43 0 1.45913e-30 1.25068e-30 0 1.51256e-127 0 0
1.07461e+16 0 0 0 0 0 0 3.61017e-31 1.80508e-31 0 1.13426e-127 0 0
1.24094e+16 0 0 0 0 0 0 1.56314e-31 0 0 8.50576e-128 0 0
1.43301e+16 0 0 0 0 0 0 0 0 0 6.37842e-128 0 0
1.65482e+16 0 0 0 0 0 0 0 0 0 4.78314e-128 0 0
1.91095e+16 0 0 0 0 0 0 0 0 0 3.58685e-128 0 0
2.20673e+16 0 0 0 0 0 0 0 0 0 2.68976e-128 0 0
2.5483e+16 0 0 0 0 0 0 0 0 0 2.01703e-128 0 0
2.94273e+16 0 0 0 0 0 0 0 0 0 1.51256e-128 0 0
3.39821e+16 0 0 0 0 0 0 0 0 0 1.13426e-128 0 0
3.92419e+16 0 0 0 0 0 0 0 0 0 8.50576e-129 0 0
4.53158e+16 0 0 0 0 0 0 0 0 0 6.37842e-129 0 0
5.23299e+16 0 0 0 0 0 0 0 0 0 4.78314e-129 0 0
6.04296e+16 0 0 0 0 0 0 0 0 0 3.58685e-129 0 0
6.97831e+16 0 0 0 0 0 0 0 0 0 2.68976e-129 0 0
8.05842e+16 0 0 0 0 0 0 0 0 0 2.01703e-129 0 0
9.30572e+16 0 0 0 0 0 0 0 0 0 1.51256e-129 0 0