 1 2 3 4 5 6 7 8 9 10 11 12
10746100000 1.20282E-17 1.20282E-17 1.20282E-17 1.20282E-17 1.20282E-17 3.04617E-19 4.73749E-19 1.52959E-15 0 0 10.9593 0
12409400000 6.27518E-18 6.27518E-18 6.27518E-18 6.27518E-18 6.27518E-18 2.81076E-19 4.3788E-19 1.5805E-15 0 0 13.1193 0
14330100000 3.21856E-18 3.21856E-18 3.21856E-18 3.21856E-18 3.21856E-18 2.59147E-19 4.0439E-19 1.60575E-15 0 0 15.7049 0
16548200000 1.63771E-18 1.63771E-18 1.63771E-18 1.63771E-18 1.63771E-18 2.38683E-19 3.72994E-19 1.61727E-15 0 0 18.8001 0
19109500000 8.31758E-19 8.31758E-19 8.31758E-19 8.31758E-19 8.31758E-19 2.19675E-19 3.43723E-19 1.588E-15 0 0 22.5053 0
22067300000 4.25134E-19 4.25134E-19 4.25134E-19 4.25134E-19 4.25134E-19 2.02059E-19 3.16683E-19 1.5633E-15 0 0 26.9407 34.7254
25483000000 2.22082E-19 2.22082E-19 2.22082E-19 2.22082E-19 2.22082E-19 1.85747E-19 2.91529E-19 1.50049E-15 0 0 32.2503 22.9578
29427300000 1.20112E-19 1.20112E-19 1.20112E-19 1.20112E-19 1.20112E-19 1.70699E-19 2.68305E-19 1.4343E-15 0 0 38.6064 15.5417
33982100000 6.74317E-20 6.74317E-20 6.74317E-20 6.74317E-20 6.74317E-20 1.56804E-19 2.46801E-19 1.37433E-15 0 0 46.2151 10.7604
39241900000 3.90686E-20 3.90686E-20 3.90686E-20 3.90686E-20 3.90686E-20 1.43972E-19 2.27003E-19 1.27059E-15 0 0 55.3235 7.61059
45315800000 2.31768E-20 2.31769E-20 2.31769E-20 2.31769E-20 2.31769E-20 1.32159E-19 2.08743E-19 1.14501E-15 0 0 66.2269 5.49245
52329900000 1.39885E-20 1.39886E-20 1.39886E-20 1.39886E-20 1.39886E-20 1.21294E-19 1.91853E-19 1.05409E-15 0 0 79.2792 4.04008
60429600000 8.55126E-21 8.55137E-21 8.55137E-21 8.55137E-21 8.55137E-21 1.11323E-19 1.76402E-19 9.04904E-16 0 0 94.904 3.02568
69783100000 5.28106E-21 5.28117E-21 5.28117E-21 5.28117E-21 5.28117E-21 9.66991E-20 1.55596E-19 8.03269E-16 0 0 113.608 2.3047
80584200000 3.29114E-21 3.29124E-21 3.29124E-21 3.29124E-21 3.29124E-21 8.39523E-20 1.37046E-19 6.61679E-16 0 0 135.999 1.78376
93057200000 2.07209E-21 2.07218E-21 2.07218E-21 2.07218E-21 2.07218E-21 7.28768E-20 1.20678E-19 5.36773E-16 0 0 162.802 1.40144
107461000000 1.32228E-21 1.32237E-21 1.32237E-21 1.32237E-21 1.32237E-21 6.32271E-20 1.06195E-19 4.52667E-16 0 0 194.888 1.11671
124094000000 8.57794E-22 8.57873E-22 8.57873E-22 8.57873E-22 8.57873E-22 5.48323E-20 9.33371E-20 3.59813E-16 0 0 233.297 0.901709
143301000000 5.68164E-22 5.68236E-22 5.68236E-22 5.68236E-22 5.68236E-22 4.75325E-20 8.19804E-20 2.81042E-16 0 0 279.276 0.737233
165482000000 3.90154E-22 3.90221E-22 3.90221E-22 3.90221E-22 3.90221E-22 4.118E-20 7.19859E-20 2.31184E-16 0 0 334.318 0.609868
191095000000 2.77392E-22 2.77455E-22 2.77455E-22 2.77455E-22 2.77455E-22 3.56525E-20 6.31382E-20 1.79192E-16 0 0 400.207 0.510106
220673000000 2.03077E-22 2.03138E-22 2.03138E-22 2.03138E-22 2.03138E-22 3.08574E-20 5.53381E-20 1.43261E-16 0 0 479.081 0.431129
254830000000 1.52357E-22 1.52417E-22 1.52417E-22 1.52417E-22 1.52417E-22 2.66974E-20 4.85092E-20 1.10992E-16 0 0 573.501 0.367983
294273000000 1.16624E-22 1.16683E-22 1.16683E-22 1.16683E-22 1.16683E-22 2.30807E-20 4.24709E-20 8.41926E-17 0 0 686.53 0.317029
339821000000 9.07515E-23 9.08108E-23 9.08108E-23 9.08108E-23 9.08108E-23 1.99423E-20 3.71632E-20 6.68583E-17 0 0 0 0.275565
392419000000 7.15792E-23 7.16383E-23 7.16383E-23 7.16383E-23 7.16383E-23 1.72355E-20 3.24918E-20 5.08355E-17 0 0 0 0.241562
453158000000 5.70763E-23 5.71352E-23 5.71352E-23 5.71352E-23 5.71352E-23 1.48657E-20 2.841E-20 3.77644E-17 0 0 0 0.213483
523299000000 4.59146E-23 4.59728E-23 4.59728E-23 4.59728E-23 4.59728E-23 1.28172E-20 2.48413E-20 2.99341E-17 0 0 0 0.190154
604296000000 3.72038E-23 3.72608E-23 3.72608E-23 3.72608E-23 3.72608E-23 1.10503E-20 2.1732E-20 2.22969E-17 0 0 0 0.170669
697831000000 3.03161E-23 3.0371E-23 3.0371E-23 3.0371E-23 3.0371E-23 9.51999E-21 1.90183E-20 1.71393E-17 0 0 0 0.154323
805842000000 2.48157E-23 2.48679E-23 2.48679E-23 2.48679E-23 2.48679E-23 8.19768E-21 1.65976E-20 1.28425E-17 0 0 0 0.140565
930572000000 2.03819E-23 2.04306E-23 2.04306E-23 2.04306E-23 2.04306E-23 7.05166E-21 1.45051E-20 9.34562E-18 0 0 0 0.12896
1074610000000 1.67829E-23 1.68275E-23 1.68275E-23 1.68275E-23 1.68275E-23 6.06145E-21 1.26968E-20 7.18673E-18 0 0 0 0.119166
1240940000000 1.38444E-23 1.38845E-23 1.38845E-23 1.38845E-23 1.38845E-23 5.21542E-21 1.11132E-20 5.25708E-18 0 0 0 0.110908
1433010000000 1.14332E-23 1.14687E-23 1.14687E-23 1.14687E-23 1.14687E-23 4.47823E-21 9.73156E-21 3.72734E-18 0 0 0 0.103969
1654820000000 9.44577E-24 9.47676E-24 9.47676E-24 9.47676E-24 9.47676E-24 3.84428E-21 8.55018E-21 2.8733E-18 0 0 0 0.098177
1910950000000 7.80521E-24 7.83195E-24 7.83195E-24 7.83195E-24 7.83195E-24 3.29685E-21 7.52484E-21 2.04413E-18 0 0 0 0.0933933
2206730000000 6.44577E-24 6.46859E-24 6.46859E-24 6.46859E-24 6.46859E-24 2.82824E-21 6.63818E-21 1.5195E-18 0 0 0 0.0895108
2548300000000 5.31969E-24 5.33902E-24 5.33902E-24 5.33902E-24 5.33902E-24 2.42837E-21 5.85052E-21 1.08972E-18 0 0 0 0.0864461
2942730000000 4.38476E-24 4.40106E-24 4.40106E-24 4.40106E-24 4.40106E-24 2.08365E-21 5.17875E-21 7.51109E-19 0 0 0 0.0841374
3398210000000 3.60797E-24 3.62171E-24 3.62171E-24 3.62171E-24 3.62171E-24 1.79016E-21 4.59923E-21 5.62743E-19 0 0 0 0.082541
3924190000000 2.96409E-24 2.97569E-24 2.97569E-24 2.97569E-24 2.97569E-24 1.53959E-21 4.08974E-21 3.90215E-19 0 0 0 0.08163
4531580000000 2.42991E-24 2.43975E-24 2.43975E-24 2.43975E-24 2.43975E-24 1.32223E-21 3.63877E-21 2.5985E-19 0 0 0 0.0813928
5232990000000 1.98723E-24 1.99559E-24 1.99559E-24 1.99559E-24 1.99559E-24 1.13743E-21 3.26223E-21 1.96767E-19 0 0 0 0.0818329
6042960000000 1.6209E-24 1.62802E-24 1.62802E-24 1.62802E-24 1.62802E-24 9.7921E-22 2.92918E-21 1.3153E-19 0 0 0 0.0829683
6978310000000 1.31858E-24 1.32464E-24 1.32464E-24 1.32464E-24 1.32464E-24 8.45447E-22 2.64364E-21 9.59824E-20 0 0 0 0.0848322
8058420000000 1.06987E-24 1.07502E-24 1.07502E-24 1.07502E-24 1.07502E-24 7.29979E-22 2.38871E-21 6.47484E-20 0 0 0 0.0874729
9305720000000 8.65744E-25 8.70135E-25 8.70135E-25 8.70135E-25 8.70135E-25 6.32554E-22 2.15749E-21 4.16361E-20 0 0 0 0.0909553
10746100000000 6.98648E-25 7.02411E-25 7.02411E-25 7.02411E-25 7.02411E-25 5.49727E-22 1.96003E-21 3.09237E-20 0 0 0 0.0953611
12409400000000 5.62347E-25 5.65609E-25 5.65609E-25 5.65609E-25 5.65609E-25 4.79758E-22 1.77878E-21 2.00157E-20 0 0 0 0.10079
14330100000000 4.51479E-25 4.54366E-25 4.54366E-25 4.54366E-25 4.54366E-25 4.19278E-22 1.61198E-21 1.23954E-20 0 0 0 0.10736
16548200000000 3.61785E-25 3.64427E-25 3.64427E-25 3.64427E-25 3.64427E-25 3.68893E-22 1.47362E-21 9.38241E-21 0 0 0 0.115206
19109500000000 2.8937E-25 2.91901E-25 2.91901E-25 2.91901E-25 2.91901E-25 3.24647E-22 1.33799E-21 5.85414E-21 0 0 0 0.12448
22067300000000 2.31367E-25 2.33932E-25 2.33932E-25 2.33932E-25 2.33932E-25 2.88235E-22 1.22247E-21 4.29949E-21 0 0 0 0.135345
25483000000000 1.84992E-25 1.8774E-25 1.8774E-25 1.8774E-25 1.8774E-25 2.56464E-22 1.10768E-21 2.73199E-21 0 0 0 0.147968
29427300000000 1.4814E-25 1.51214E-25 1.51214E-25 1.51214E-25 1.51214E-25 2.29042E-22 9.9984E-22 1.67172E-21 0 0 0 0.162507
33982100000000 1.19126E-25 1.22621E-25 1.22621E-25 1.22621E-25 1.22621E-25 2.0583E-22 9.09888E-22 1.27689E-21 0 0 0 0.179093
39241900000000 9.64482E-26 1.00408E-25 1.00408E-25 1.00408E-25 1.00408E-25 1.85657E-22 8.12676E-22 8.07428E-22 0 0 0 0.197804
45315800000000 7.88396E-26 8.32612E-26 8.32612E-26 8.32612E-26 8.32612E-26 1.67602E-22 7.19686E-22 5.06693E-22 0 0 0 0.218621
52329900000000 6.54549E-26 7.03183E-26 7.03183E-26 7.03183E-26 7.03183E-26 1.52196E-22 6.48765E-22 4.09541E-22 0 0 0 0.241387
60429600000000 5.51791E-26 6.04348E-26 6.04348E-26 6.04348E-26 6.04348E-26 1.3754E-22 5.68512E-22 2.73712E-22 0 0 0 0.265741
69783100000000 4.76477E-26 5.32807E-26 5.32807E-26 5.32807E-26 5.32807E-26 1.25124E-22 5.0691E-22 2.2212E-22 0 0 0 0.291055
80584200000000 4.20247E-26 4.8029E-26 4.8029E-26 4.8029E-26 4.8029E-26 1.13529E-22 4.35692E-22 1.59516E-22 0 0 0 0.316368
93057200000000 3.76072E-26 4.40658E-26 4.40658E-26 4.40658E-26 4.40658E-26 1.02195E-22 3.6682E-22 1.16891E-22 0 0 0 0.340344
107461000000000 3.39582E-26 4.13832E-26 4.13832E-26 4.13832E-26 4.13832E-26 9.22649E-23 3.21501E-22 1.00165E-22 0 0 0 0
124094000000000 2.97858E-26 3.96956E-26 3.96956E-26 3.96956E-26 3.96956E-26 8.35047E-23 2.641E-22 7.6547E-23 0 0 0 0
143301000000000 2.27609E-26 3.80798E-26 3.80798E-26 3.80798E-26 3.80798E-26 7.41999E-23 2.09336E-22 5.83906E-23 0 0 0 0
165482000000000 1.29786E-26 3.71889E-26 3.71889E-26 3.71889E-26 3.71889E-26 6.6341E-23 1.79359E-22 5.03564E-23 0 0 0 0
191095000000000 4.05369E-27 3.59051E-26 3.59051E-26 3.59051E-26 3.59051E-26 5.79794E-23 1.36761E-22 3.80834E-23 0 0 0 0
220673000000000 4.91567E-28 3.54244E-26 3.54244E-26 3.54244E-26 3.54244E-26 5.14515E-23 1.14642E-22 3.22294E-23 0 0 0 0
254830000000000 1.43979E-29 3.38794E-26 3.38794E-26 3.38794E-26 3.38794E-26 4.39599E-23 8.29989E-23 2.37148E-23 0 0 0 0
294273000000000 7.00027E-32 3.15407E-26 3.15407E-26 3.15407E-26 3.15407E-26 3.64046E-23 5.655E-23 1.66501E-23 0 0 0 0
339821000000000 4.74788E-35 3.05997E-26 3.05997E-26 3.05997E-26 3.05997E-26 3.13573E-23 4.62077E-23 1.37893E-23 0 0 0 0
392419000000000 3.88542E-39 2.76849E-26 2.76849E-26 2.76849E-26 2.76849E-26 2.51136E-23 2.95796E-23 9.17466E-24 0 0 0 0
453158000000000 4.79366E-44 2.38897E-26 2.38897E-26 2.38897E-26 2.38897E-26 1.91524E-23 1.71109E-23 5.63223E-24 0 0 0 0
523299000000000 1.55653E-49 2.27159E-26 2.27159E-26 2.27159E-26 2.27159E-26 1.60884E-23 1.36961E-23 4.56167E-24 0 0 0 0
604296000000000 1.82315E-55 1.85154E-26 1.85154E-26 1.85154E-26 1.85154E-26 1.15671E-23 7.22285E-24 2.5718E-24 0 0 0 0
697831000000000 1.93662E-61 1.71003E-26 1.71003E-26 1.71003E-26 1.71003E-26 9.42143E-24 5.66125E-24 2.03025E-24 0 0 0 0
805842000000000 2.57007E-67 1.29721E-26 1.29721E-26 1.29721E-26 1.29721E-26 6.29715E-24 2.65615E-24 1.04118E-24 0 0 0 0
930572000000000 8.30811E-73 8.84765E-27 8.84765E-27 8.84765E-27 8.84765E-27 3.78248E-24 1.07626E-24 4.53788E-25 0 0 0 0
1074610000000000 1.54092E-77 7.99916E-27 7.99916E-27 7.99916E-27 7.99916E-27 3.0118E-24 8.49313E-25 3.57435E-25 0 0 0 0
1240940000000000 1.14147E-81 4.76453E-27 4.76453E-27 4.76453E-27 4.76453E-27 1.57906E-24 2.9626E-25 1.36013E-25 0 0 0 0
1433010000000000 5.13702E-85 2.32585E-27 2.32585E-27 2.32585E-27 2.32585E-27 6.78235E-25 8.56351E-26 4.06364E-26 0 0 0 0
1654820000000000 3.48583E-87 2.14302E-27 2.14302E-27 2.14302E-27 2.14302E-27 5.5002E-25 6.78923E-26 3.22722E-26 0 0 0 0
1910950000000000 7.63164E-89 8.24185E-28 8.24185E-28 8.24185E-28 8.24185E-28 1.86059E-25 1.64471E-26 8.01373E-27 0 0 0 0
2206730000000000 2.69278E-89 7.43498E-28 7.43498E-28 7.43498E-28 7.43498E-28 1.47632E-25 1.32918E-26 6.37315E-27 0 0 0 0
2548300000000000 1.74967E-89 2.14947E-28 2.14947E-28 2.14947E-28 2.14947E-28 3.75381E-26 2.78986E-27 1.41397E-27 0 0 0 0
2942730000000000 3.66529E-89 4.33368E-29 4.33368E-29 4.33368E-29 4.33368E-29 6.65074E-27 4.0338E-28 2.36976E-28 0 0 0 0
3398210000000000 1.34203E-87 4.18629E-29 4.18629E-29 4.18629E-29 4.18629E-29 5.65254E-27 3.35137E-28 1.9235E-28 0 0 0 0
3924190000000000 2.1075E-86 6.04797E-30 6.04797E-30 6.04797E-30 6.04797E-30 7.17901E-28 3.63661E-29 2.71096E-29 0 0 0 0
4531580000000000 5.23036E-85 6.0759E-31 6.0759E-31 6.0759E-31 6.0759E-31 6.33864E-29 2.1656E-30 2.43725E-30 0 0 0 0
5232990000000000 1.97411E-82 5.07025E-31 5.07025E-31 5.07025E-31 5.07025E-31 4.65135E-29 1.94241E-30 1.68189E-30 0 0 0 0
6042960000000000 7.41564E-81 2.79379E-32 2.79379E-32 2.79379E-32 2.79379E-32 2.25271E-30 5.68237E-32 1.35797E-31 0 0 0 0
6978310000000000 3.61703E-78 1.572E-32 1.572E-32 1.572E-32 1.572E-32 1.1146E-30 3.15581E-32 5.07872E-32 0 0 0 0
8058420000000000 6.40605E-77 2.91956E-34 2.91956E-34 2.91956E-34 2.91956E-34 1.82004E-32 2.12295E-34 1.21834E-33 0 0 0 0
9.30572E+015 4.71055E-77 2.30787E-37 2.30787E-37 2.30787E-37 2.30787E-37 1.26495E-35 2.10892E-39 3.4326E-36 0 0 0 0
1.07461E+016 1.04527E-74 6.21969E-38 6.21969E-38 6.21969E-38 6.21969E-38 2.99839E-36 1.3915E-39 1.3677E-37 0 0 0 0
1.24094E+016 1.29642E-75 1.14224E-41 1.14224E-41 1.14224E-41 1.14224E-41 4.84368E-40 9.78844E-42 3.84554E-41 0 0 0 0
1.43301E+016 9.73547E-79 1.64024E-47 1.64024E-47 1.64024E-47 1.64024E-47 6.11997E-46 3.5768E-54 2.79378E-46 0 0 0 0
1.65482E+016 1.39321E-79 6.04138E-51 6.04138E-51 6.04138E-51 6.04138E-51 1.98369E-49 1.10393E-55 4.8359E-51 0 0 0 0
1.91095E+016 5.94498E-85 9.1804E-59 9.1804E-59 9.1804E-59 9.1804E-59 2.65455E-57 1.91502E-59 1.62717E-58 0 0 0 0
2.20673E+016 2.84192E-91 2.19776E-67 2.19776E-67 2.19776E-67 2.19776E-67 5.5981E-66 4.08335E-68 2.6414E-67 0 0 0 0
2.5483E+016 2.94078E-101 1.61282E-79 1.61282E-79 1.61282E-79 1.61282E-79 3.62097E-78 1.61043E-80 2.11512E-79 0 0 0 0
2.94273E+016 1.5273E-116 8.40908E-97 8.40908E-97 8.40908E-97 8.40908E-97 1.66509E-95 2.01991E-101 3.37045E-95 0 0 0 0
3.39821E+016 0 0 0 0 0 0 0 0 0 0 0 0
3.92419E+016 0 0 0 0 0 0 0 0 0 0 0 0
4.53158E+016 0 0 0 0 0 0 0 0 0 0 0 0
5.23299E+016 0 0 0 0 0 0 0 0 0 0 0 0
6.04296E+016 0 0 0 0 0 0 0 0 0 0 0 0
6.97831E+016 0 0 0 0 0 0 0 0 0 0 0 0
8.05842E+016 0 0 0 0 0 0 0 0 0 0 0 0
9.30572E+016 0 0 0 0 0 0 0 0 0 0 0 0
