3526.31 6.46065e-16
3528.49234468 6.74838e-16
3530.67468935 7.15686e-16
3532.85703403 7.2562e-16
3535.0393787 6.73609e-16
3537.22172338 7.12197e-16
3539.40406805 6.87213e-16
3541.58641273 6.41035e-16
3543.7687574 7.9603e-16
3545.95110208 7.14659e-16
3548.13344675 6.77513e-16
3550.31579143 7.86631e-16
3552.4981361 8.87328e-16
3554.68048078 7.27619e-16
3556.86282545 7.3766e-16
3559.04517013 7.8972e-16
3561.2275148 9.11473e-16
3563.40985948 8.2052e-16
3565.59220415 7.63041e-16
3567.77454883 8.26807e-16
3569.9568935 8.58253e-16
3572.13923818 7.7198e-16
3574.32158285 7.87544e-16
3576.50392753 7.93759e-16
3578.6862722 8.05975e-16
3580.86861688 8.54118e-16
3583.05096155 7.38029e-16
3585.23330623 7.94511e-16
3587.4156509 8.76874e-16
3589.59799558 7.73029e-16
3591.78034025 7.6584e-16
3593.96268493 8.054e-16
3596.1450296 7.52633e-16
3598.32737428 7.52737e-16
3600.50971895 7.57432e-16
3602.69206363 8.48941e-16
3604.8744083 8.21841e-16
3607.05675298 7.42578e-16
3609.23909765 7.17929e-16
3611.42144233 8.30915e-16
3613.603787 7.84567e-16
3615.78613168 7.56369e-16
3617.96847635 7.68809e-16
3620.15082103 7.50792e-16
3622.3331657 8.22475e-16
3624.51551038 7.93444e-16
3626.69785505 7.35826e-16
3628.88019973 7.90709e-16
3631.0625444 7.48218e-16
3633.24488908 7.55204e-16
3635.42723375 7.56162e-16
3637.60957843 7.3412e-16
3639.7919231 7.82937e-16
3641.97426778 7.77912e-16
3644.15661245 8.0231e-16
3646.33895713 8.12876e-16
3648.5213018 7.78223e-16
3650.70364648 8.04565e-16
3652.88599115 7.93209e-16
3655.06833583 7.44563e-16
3657.2506805 7.82293e-16
3659.43302518 8.02057e-16
3661.61536985 7.30211e-16
3663.79771453 6.67827e-16
3665.9800592 7.21911e-16
3668.16240388 7.71106e-16
3670.34474855 7.2228e-16
3672.52709323 7.30485e-16
3674.7094379 7.96782e-16
3676.89178258 7.45814e-16
3679.07412725 7.54726e-16
3681.25647193 8.11705e-16
3683.4388166 7.09465e-16
3685.62116128 7.6262e-16
3687.80350595 8.22777e-16
3689.98585063 7.92028e-16
3692.1681953 8.12939e-16
3694.35053998 8.05749e-16
3696.53288465 8.26346e-16
3698.71522933 7.39588e-16
3700.89757401 7.48228e-16
3703.07991868 7.72563e-16
3705.26226336 7.73101e-16
3707.44460803 7.3737e-16
3709.62695271 7.1149e-16
3711.80929738 7.68867e-16
3713.99164206 8.18173e-16
3716.17398673 8.68838e-16
3718.35633141 8.24536e-16
3720.53867608 8.08199e-16
3722.72102076 7.34513e-16
3724.90336543 7.41872e-16
3727.08571011 7.03732e-16
3729.26805478 7.25509e-16
3731.45039946 6.83758e-16
3733.63274413 6.7663e-16
3735.81508881 7.74184e-16
3737.99743348 7.53118e-16
3740.17977816 6.81347e-16
3742.36212283 8.0216e-16
3744.54446751 7.98535e-16
3746.72681218 7.06165e-16
3748.90915686 7.92175e-16
3751.09150153 7.75865e-16
3753.27384621 7.30945e-16
3755.45619088 6.96486e-16
3757.63853556 7.57986e-16
3759.82088023 7.86916e-16
3762.00322491 7.14084e-16
3764.18556958 7.17522e-16
3766.36791426 7.41985e-16
3768.55025893 7.85234e-16
3770.73260361 7.34111e-16
3772.91494828 7.49241e-16
3775.09729296 7.55666e-16
3777.27963763 6.90864e-16
3779.46198231 7.46472e-16
3781.64432698 8.05258e-16
3783.82667166 6.6776e-16
3786.00901633 7.22227e-16
3788.19136101 7.93014e-16
3790.37370568 7.1944e-16
3792.55605036 7.07911e-16
3794.73839503 7.26733e-16
3796.92073971 8.04298e-16
3799.10308438 7.51593e-16
3801.28542906 7.72809e-16
3803.46777373 8.09756e-16
3805.65011841 7.59704e-16
3807.83246308 6.97043e-16
3810.01480776 7.12568e-16
3812.19715243 6.65186e-16
3814.37949711 6.65533e-16
3816.56184178 7.03266e-16
3818.74418646 6.94439e-16
3820.92653113 7.92994e-16
3823.10887581 7.0372e-16
3825.29122048 6.92833e-16
3827.47356516 7.80859e-16
3829.65590983 7.7786e-16
3831.83825451 7.07706e-16
3834.02059918 7.33722e-16
3836.20294386 7.91506e-16
3838.38528853 6.5707e-16
3840.56763321 7.175e-16
3842.74997788 7.03243e-16
3844.93232256 7.37862e-16
3847.11466723 6.72241e-16
3849.29701191 6.69088e-16
3851.47935658 7.34691e-16
3853.66170126 6.49495e-16
3855.84404593 6.82087e-16
3858.02639061 6.99667e-16
3860.20873528 7.25544e-16
3862.39107996 7.02706e-16
3864.57342463 6.6339e-16
3866.75576931 6.63815e-16
3868.93811399 7.24694e-16
3871.12045866 8.11108e-16
3873.30280334 7.2642e-16
3875.48514801 6.72033e-16
3877.66749269 6.67327e-16
3879.84983736 6.55763e-16
3882.03218204 6.65895e-16
3884.21452671 6.17091e-16
3886.39687139 7.22143e-16
3888.57921606 7.50276e-16
3890.76156074 7.07431e-16
3892.94390541 6.69643e-16
3895.12625009 7.63996e-16
3897.30859476 7.43065e-16
3899.49093944 7.06699e-16
3901.67328411 7.47789e-16
3903.85562879 7.4502e-16
3906.03797346 7.5219e-16
3908.22031814 7.3339e-16
3910.40266281 7.05704e-16
3912.58500749 6.84264e-16
3914.76735216 7.60024e-16
3916.94969684 7.35356e-16
3919.13204151 6.70157e-16
3921.31438619 7.53338e-16
3923.49673086 7.96775e-16
3925.67907554 7.84043e-16
3927.86142021 7.73451e-16
3930.04376489 7.75198e-16
3932.22610956 6.9655e-16
3934.40845424 7.11589e-16
3936.59079891 7.13067e-16
3938.77314359 7.08524e-16
3940.95548826 7.61659e-16
3943.13783294 7.43006e-16
3945.32017761 7.16455e-16
3947.50252229 7.62164e-16
3949.68486696 7.56907e-16
3951.86721164 7.55724e-16
3954.04955631 7.71594e-16
3956.23190099 7.95258e-16
3958.41424566 8.1385e-16
3960.59659034 8.06752e-16
3962.77893501 7.79811e-16
3964.96127969 7.99919e-16
3967.14362436 7.91535e-16
3969.32596904 7.41017e-16
3971.50831371 7.63307e-16
3973.69065839 6.89703e-16
3975.87300306 7.16167e-16
3978.05534774 7.67398e-16
3980.23769241 7.89796e-16
3982.42003709 7.69485e-16
3984.60238176 7.0585e-16
3986.78472644 6.92456e-16
3988.96707111 6.96386e-16
3991.14941579 7.3029e-16
3993.33176046 7.57085e-16
3995.51410514 6.97274e-16
3997.69644981 7.22558e-16
3999.87879449 7.27347e-16
4002.06113916 6.75533e-16
4004.24348384 7.16724e-16
4006.42582851 7.3385e-16
4008.60817319 6.24318e-16
4010.79051786 7.04482e-16
4012.97286254 7.83697e-16
4015.15520721 7.40047e-16
4017.33755189 7.93841e-16
4019.51989656 7.09176e-16
4021.70224124 8.11776e-16
4023.88458591 7.2792e-16
4026.06693059 7.30283e-16
4028.24927526 7.78045e-16
4030.43161994 7.39855e-16
4032.61396461 7.55851e-16
4034.79630929 7.06939e-16
4036.97865396 7.59955e-16
4039.16099864 7.74354e-16
4041.34334332 7.59286e-16
4043.52568799 7.58285e-16
4045.70803267 7.61461e-16
4047.89037734 6.79031e-16
4050.07272202 7.62579e-16
4052.25506669 7.28899e-16
4054.43741137 6.97275e-16
4056.61975604 7.1656e-16
4058.80210072 7.39397e-16
4060.98444539 7.74373e-16
4063.16679007 6.58542e-16
4065.34913474 7.12491e-16
4067.53147942 7.82913e-16
4069.71382409 7.1124e-16
4071.89616877 7.26606e-16
4074.07851344 7.70717e-16
4076.26085812 7.23091e-16
4078.44320279 6.78072e-16
4080.62554747 6.90161e-16
4082.80789214 7.1156e-16
4084.99023682 6.92716e-16
4087.17258149 6.66446e-16
4089.35492617 7.28982e-16
4091.53727084 7.08204e-16
4093.71961552 6.84585e-16
4095.90196019 7.31874e-16
4098.08430487 7.12575e-16
4100.26664954 6.9135e-16
4102.44899422 6.81505e-16
4104.63133889 6.56403e-16
4106.81368357 6.72361e-16
4108.99602824 7.15607e-16
4111.17837292 7.16937e-16
4113.36071759 7.41112e-16
4115.54306227 6.6695e-16
4117.72540694 6.96804e-16
4119.90775162 6.61692e-16
4122.09009629 6.82924e-16
4124.27244097 7.19389e-16
4126.45478564 6.63277e-16
4128.63713032 6.11052e-16
4130.81947499 6.73944e-16
4133.00181967 6.79842e-16
4135.18416434 6.5695e-16
4137.36650902 6.50134e-16
4139.54885369 6.84726e-16
4141.73119837 6.85915e-16
4143.91354304 6.66567e-16
4146.09588772 6.88323e-16
4148.27823239 6.95654e-16
4150.46057707 6.97132e-16
4152.64292174 7.21737e-16
4154.82526642 6.70569e-16
4157.00761109 6.24769e-16
4159.18995577 6.28222e-16
4161.37230044 6.74059e-16
4163.55464512 7.0014e-16
4165.73698979 6.55031e-16
4167.91933447 6.49554e-16
4170.10167914 6.89997e-16
4172.28402382 6.66906e-16
4174.46636849 6.57392e-16
4176.64871317 7.06726e-16
4178.83105784 6.67831e-16
4181.01340252 6.84791e-16
4183.19574719 6.61274e-16
4185.37809187 6.78494e-16
4187.56043654 6.5421e-16
4189.74278122 6.14194e-16
4191.92512589 6.52775e-16
4194.10747057 6.82128e-16
4196.28981524 6.83707e-16
4198.47215992 6.86016e-16
4200.65450459 7.11638e-16
4202.83684927 7.40576e-16
4205.01919394 6.93658e-16
4207.20153862 6.81969e-16
4209.3838833 7.11152e-16
4211.56622797 7.21009e-16
4213.74857265 7.26719e-16
4215.93091732 7.31744e-16
4218.113262 7.50146e-16
4220.29560667 7.61698e-16
4222.47795135 6.84077e-16
4224.66029602 6.34593e-16
4226.8426407 6.31641e-16
4229.02498537 6.96224e-16
4231.20733005 7.42995e-16
4233.38967472 7.06564e-16
4235.5720194 6.83566e-16
4237.75436407 6.98854e-16
4239.93670875 6.82549e-16
4242.11905342 6.34799e-16
4244.3013981 6.63477e-16
4246.48374277 7.11392e-16
4248.66608745 6.30614e-16
4250.84843212 6.94674e-16
4253.0307768 6.73532e-16
4255.21312147 6.9107e-16
4257.39546615 7.08742e-16
4259.57781082 6.89147e-16
4261.7601555 6.21258e-16
4263.94250017 6.56145e-16
4266.12484485 7.20276e-16
4268.30718952 7.18183e-16
4270.4895342 6.58206e-16
4272.67187887 6.69481e-16
4274.85422355 7.21673e-16
4277.03656822 6.73214e-16
4279.2189129 7.30524e-16
4281.40125757 7.34345e-16
4283.58360225 7.27186e-16
4285.76594692 7.30903e-16
4287.9482916 7.4756e-16
4290.13063627 6.75471e-16
4292.31298095 6.6782e-16
4294.49532562 6.99969e-16
4296.6776703 6.72707e-16
4298.86001497 6.50681e-16
4301.04235965 6.25179e-16
4303.22470432 6.37811e-16
4305.407049 7.07957e-16
4307.58939367 7.44024e-16
4309.77173835 7.18908e-16
4311.95408302 6.92598e-16
4314.1364277 6.54307e-16
4316.31877237 6.43954e-16
4318.50111705 7.23691e-16
4320.68346172 6.7956e-16
4322.8658064 6.59512e-16
4325.04815107 7.22013e-16
4327.23049575 6.95956e-16
4329.41284042 7.03546e-16
4331.5951851 6.7652e-16
4333.77752977 7.48361e-16
4335.95987445 7.40493e-16
4338.14221912 7.11319e-16
4340.3245638 7.08963e-16
4342.50690847 7.56496e-16
4344.68925315 7.15275e-16
4346.87159782 7.25623e-16
4349.0539425 6.86328e-16
4351.23628717 7.18876e-16
4353.41863185 7.70282e-16
4355.60097652 6.94888e-16
4357.7833212 6.90875e-16
4359.96566587 7.29507e-16
4362.14801055 6.92449e-16
4364.33035522 6.47334e-16
4366.5126999 6.91344e-16
4368.69504457 7.19168e-16
4370.87738925 6.70858e-16
4373.05973392 6.82852e-16
4375.2420786 6.80916e-16
4377.42442327 6.53662e-16
4379.60676795 6.61111e-16
4381.78911263 7.26526e-16
4383.9714573 7.36484e-16
4386.15380198 6.62419e-16
4388.33614665 6.41531e-16
4390.51849133 6.48846e-16
4392.700836 6.36893e-16
4394.88318068 6.80917e-16
4397.06552535 6.84759e-16
4399.24787003 6.38778e-16
4401.4302147 6.67798e-16
4403.61255938 6.7737e-16
4405.79490405 6.93747e-16
4407.97724873 7.33004e-16
4410.1595934 6.90765e-16
4412.34193808 6.76987e-16
4414.52428275 6.80622e-16
4416.70662743 6.53681e-16
4418.8889721 6.8634e-16
4421.07131678 6.90388e-16
4423.25366145 6.76193e-16
4425.43600613 6.85942e-16
4427.6183508 6.82589e-16
4429.80069548 6.91399e-16
4431.98304015 6.48729e-16
4434.16538483 6.55308e-16
4436.3477295 7.28405e-16
4438.53007418 6.87669e-16
4440.71241885 6.13041e-16
4442.89476353 6.2527e-16
4445.0771082 6.60535e-16
4447.25945288 6.61564e-16
4449.44179755 6.63435e-16
4451.62414223 7.27305e-16
4453.8064869 7.21032e-16
4455.98883158 6.38584e-16
4458.17117625 5.96948e-16
4460.35352093 6.32474e-16
4462.5358656 6.96343e-16
4464.71821028 6.55988e-16
4466.90055495 6.3581e-16
4469.08289963 6.64612e-16
4471.2652443 6.54339e-16
4473.44758898 6.36243e-16
4475.62993365 6.54683e-16
4477.81227833 6.70674e-16
4479.994623 6.58553e-16
4482.17696768 6.33514e-16
4484.35931235 6.47988e-16
4486.54165703 6.5699e-16
4488.7240017 6.66301e-16
4490.90634638 6.85393e-16
4493.08869105 6.88714e-16
4495.27103573 6.53309e-16
4497.4533804 6.2654e-16
4499.63572508 6.25631e-16
4501.81806975 6.26389e-16
4504.00041443 6.57416e-16
4506.1827591 7.27283e-16
4508.36510378 6.68257e-16
4510.54744845 6.86272e-16
4512.72979313 7.20311e-16
4514.9121378 6.75476e-16
4517.09448248 7.09017e-16
4519.27682715 6.59599e-16
4521.45917183 6.25926e-16
4523.6415165 6.74454e-16
4525.82386118 6.91311e-16
4528.00620585 6.47499e-16
4530.18855053 6.6502e-16
4532.3708952 6.58585e-16
4534.55323988 7.01717e-16
4536.73558455 6.83652e-16
4538.91792923 6.71808e-16
4541.1002739 7.10806e-16
4543.28261858 7.03552e-16
4545.46496325 6.98337e-16
4547.64730793 7.02352e-16
4549.82965261 6.66257e-16
4552.01199728 6.40495e-16
4554.19434196 6.81248e-16
4556.37668663 7.21423e-16
4558.55903131 6.69948e-16
4560.74137598 6.45288e-16
4562.92372066 6.69377e-16
4565.10606533 6.66593e-16
4567.28841001 6.37075e-16
4569.47075468 6.60703e-16
4571.65309936 6.61091e-16
4573.83544403 6.27688e-16
4576.01778871 6.78943e-16
4578.20013338 6.79379e-16
4580.38247806 6.61352e-16
4582.56482273 6.13342e-16
4584.74716741 6.67215e-16
4586.92951208 6.87945e-16
4589.11185676 6.54987e-16
4591.29420143 6.49947e-16
4593.47654611 6.6744e-16
4595.65889078 6.49764e-16
4597.84123546 6.33529e-16
4600.02358013 6.62015e-16
4602.20592481 6.78245e-16
4604.38826948 6.51347e-16
4606.57061416 6.74531e-16
4608.75295883 6.57508e-16
4610.93530351 6.61756e-16
4613.11764818 7.28394e-16
4615.29999286 6.38801e-16
4617.48233753 6.52708e-16
4619.66468221 7.1666e-16
4621.84702688 7.44986e-16
4624.02937156 6.54131e-16
4626.21171623 6.41948e-16
4628.39406091 6.73355e-16
4630.57640558 6.81094e-16
4632.75875026 6.96429e-16
4634.94109493 6.22432e-16
4637.12343961 6.15303e-16
4639.30578428 6.29678e-16
4641.48812896 6.1667e-16
4643.67047363 6.39834e-16
4645.85281831 6.40331e-16
4648.03516298 6.62733e-16
4650.21750766 6.82068e-16
4652.39985233 6.37358e-16
4654.58219701 6.52933e-16
4656.76454168 6.62599e-16
4658.94688636 6.28429e-16
4661.12923103 5.74759e-16
4663.31157571 6.07894e-16
4665.49392038 6.65215e-16
4667.67626506 6.74396e-16
4669.85860973 6.06212e-16
4672.04095441 6.33761e-16
4674.22329908 6.35266e-16
4676.40564376 6.16873e-16
4678.58798843 6.80912e-16
4680.77033311 6.59933e-16
4682.95267778 6.51507e-16
4685.13502246 6.283e-16
4687.31736713 6.25559e-16
4689.49971181 6.16208e-16
4691.68205648 6.25799e-16
4693.86440116 6.4412e-16
4696.04674583 6.45809e-16
4698.22909051 6.14237e-16
4700.41143518 5.86333e-16
4702.59377986 6.34066e-16
4704.77612453 6.37695e-16
4706.95846921 6.00098e-16
4709.14081388 6.28882e-16
4711.32315856 6.38084e-16
4713.50550323 6.68386e-16
4715.68784791 6.88141e-16
4717.87019258 7.80013e-16
4720.05253726 8.06735e-16
4722.23488194 7.67627e-16
4724.41722661 7.58687e-16
4726.59957129 7.41877e-16
4728.78191596 7.09559e-16
4730.96426064 6.29433e-16
4733.14660531 6.17232e-16
4735.32894999 6.45213e-16
4737.51129466 5.80739e-16
4739.69363934 5.99555e-16
4741.87598401 6.5243e-16
4744.05832869 6.59205e-16
4746.24067336 6.03193e-16
4748.42301804 5.73011e-16
4750.60536271 5.69602e-16
4752.78770739 6.01297e-16
4754.97005206 5.97762e-16
4757.15239674 5.73455e-16
4759.33474141 5.74473e-16
4761.51708609 6.1612e-16
4763.69943076 6.05414e-16
4765.88177544 6.01169e-16
4768.06412011 5.40237e-16
4770.24646479 5.9817e-16
4772.42880946 5.88397e-16
4774.61115414 5.4182e-16
4776.79349881 5.50639e-16
4778.97584349 5.70544e-16
4781.15818816 5.60817e-16
4783.34053284 6.0518e-16
4785.52287751 5.48797e-16
4787.70522219 5.26251e-16
4789.88756686 5.80936e-16
4792.06991154 6.13543e-16
4794.25225621 6.35758e-16
4796.43460089 5.98613e-16
4798.61694556 5.68471e-16
4800.79929024 5.71402e-16
4802.98163491 5.80431e-16
4805.16397959 5.92237e-16
4807.34632426 5.58987e-16
4809.52866894 5.60473e-16
4811.71101361 5.23496e-16
4813.89335829 5.26879e-16
4816.07570296 5.31402e-16
4818.25804764 5.37882e-16
4820.44039231 5.50852e-16
4822.62273699 5.39625e-16
4824.80508166 5.87359e-16
4826.98742634 5.71551e-16
4829.16977101 5.55916e-16
4831.35211569 6.02965e-16
4833.53446036 5.60341e-16
4835.71680504 6.11661e-16
4837.89914971 6.08584e-16
4840.08149439 5.91246e-16
4842.26383906 5.51836e-16
4844.44618374 5.63506e-16
4846.62852841 5.89826e-16
4848.81087309 6.07512e-16
4850.99321776 5.46846e-16
4853.17556244 5.71807e-16
4855.35790711 5.53664e-16
4857.54025179 6.24004e-16
4859.72259646 5.38937e-16
4861.90494114 5.4056e-16
4864.08728581 5.92133e-16
4866.26963049 5.97898e-16
4868.45197516 5.72919e-16
4870.63431984 5.72487e-16
4872.81666451 6.05532e-16
4874.99900919 6.40321e-16
4877.18135386 6.28249e-16
4879.36369854 5.5948e-16
4881.54604321 5.45057e-16
4883.72838789 6.11757e-16
4885.91073256 6.07029e-16
4888.09307724 5.90548e-16
4890.27542192 5.87927e-16
4892.45776659 6.18475e-16
4894.64011127 5.74201e-16
4896.82245594 5.49569e-16
4899.00480062 6.0269e-16
4901.18714529 5.93274e-16
4903.36948997 5.68211e-16
4905.55183464 5.95525e-16
4907.73417932 5.97227e-16
4909.91652399 6.0836e-16
4912.09886867 5.67408e-16
4914.28121334 5.80123e-16
4916.46355802 5.8637e-16
4918.64590269 5.93184e-16
4920.82824737 5.66551e-16
4923.01059204 5.33314e-16
4925.19293672 5.52678e-16
4927.37528139 5.5819e-16
4929.55762607 5.85579e-16
4931.73997074 5.78456e-16
4933.92231542 5.53399e-16
4936.10466009 5.36185e-16
4938.28700477 5.77265e-16
4940.46934944 5.63457e-16
4942.65169412 5.72897e-16
4944.83403879 5.60207e-16
4947.01638347 6.17568e-16
4949.19872814 5.96685e-16
4951.38107282 5.88961e-16
4953.56341749 5.6136e-16
4955.74576217 5.75177e-16
4957.92810684 5.95382e-16
4960.11045152 5.62e-16
4962.29279619 5.34005e-16
4964.47514087 5.33561e-16
4966.65748554 5.29591e-16
4968.83983022 5.60301e-16
4971.02217489 5.35355e-16
4973.20451957 5.15274e-16
4975.38686424 5.52425e-16
4977.56920892 5.38833e-16
4979.75155359 5.2125e-16
4981.93389827 5.22654e-16
4984.11624294 5.42224e-16
4986.29858762 5.75302e-16
4988.48093229 5.44303e-16
4990.66327697 5.09585e-16
4992.84562164 5.60206e-16
4995.02796632 5.72384e-16
4997.21031099 5.3209e-16
4999.39265567 5.60368e-16
5001.57500034 5.62233e-16
5003.75734502 5.59496e-16
5005.93968969 5.81512e-16
5008.12203437 5.69528e-16
5010.30437904 5.3538e-16
5012.48672372 5.29658e-16
5014.66906839 5.44021e-16
5016.85141307 5.48552e-16
5019.03375774 5.77223e-16
5021.21610242 5.5854e-16
5023.39844709 5.41977e-16
5025.58079177 5.2906e-16
5027.76313644 5.42498e-16
5029.94548112 6.09825e-16
5032.12782579 5.60785e-16
5034.31017047 5.11768e-16
5036.49251514 5.87629e-16
5038.67485982 5.47556e-16
5040.85720449 5.5276e-16
5043.03954917 6.08309e-16
5045.22189384 5.28765e-16
5047.40423852 5.65519e-16
5049.58658319 5.42809e-16
5051.76892787 5.60414e-16
5053.95127254 5.94556e-16
5056.13361722 5.61954e-16
5058.31596189 5.46633e-16
5060.49830657 5.35858e-16
5062.68065125 5.10368e-16
5064.86299592 5.61764e-16
5067.0453406 6.00727e-16
5069.22768527 5.73894e-16
5071.41002995 5.94328e-16
5073.59237462 5.99083e-16
5075.7747193 5.81892e-16
5077.95706397 5.68696e-16
5080.13940865 5.73034e-16
5082.32175332 5.67448e-16
5084.504098 5.71241e-16
5086.68644267 5.64701e-16
5088.86878735 5.23198e-16
5091.05113202 5.64017e-16
5093.2334767 5.96616e-16
5095.41582137 5.61997e-16
5097.59816605 5.55518e-16
5099.78051072 5.47159e-16
5101.9628554 5.76919e-16
5104.14520007 5.71008e-16
5106.32754475 5.48999e-16
5108.50988942 6.01553e-16
5110.6922341 5.55421e-16
5112.87457877 5.40049e-16
5115.05692345 5.69263e-16
5117.23926812 5.49051e-16
5119.4216128 5.49866e-16
5121.60395747 5.95799e-16
5123.78630215 5.69632e-16
5125.96864682 5.02316e-16
5128.1509915 4.93086e-16
5130.33333617 5.51488e-16
5132.51568085 5.70979e-16
5134.69802552 5.32969e-16
5136.8803702 5.54764e-16
5139.06271487 5.69278e-16
5141.24505955 5.68267e-16
5143.42740422 5.73666e-16
5145.6097489 5.77363e-16
5147.79209357 5.42836e-16
5149.97443825 5.5757e-16
5152.15678292 5.35542e-16
5154.3391276 5.53809e-16
5156.52147227 5.62943e-16
5158.70381695 5.81861e-16
5160.88616162 6.01233e-16
5163.0685063 5.50295e-16
5165.25085097 5.29623e-16
5167.43319565 5.35463e-16
5169.61554032 5.79633e-16
5171.797885 5.57713e-16
5173.98022967 5.86257e-16
5176.16257435 6.25787e-16
5178.34491902 6.53389e-16
5180.5272637 5.72759e-16
5182.70960837 5.4792e-16
5184.89195305 5.69999e-16
5187.07429772 6.07039e-16
5189.2566424 5.77029e-16
5191.43898707 5.9463e-16
5193.62133175 5.99906e-16
5195.80367642 5.82009e-16
5197.9860211 5.88462e-16
5200.16836577 5.83602e-16
5202.35071045 6.07088e-16
5204.53305512 5.58878e-16
5206.7153998 6.38598e-16
5208.89774447 6.12781e-16
5211.08008915 5.65443e-16
5213.26243382 5.30496e-16
5215.4447785 5.38664e-16
5217.62712317 5.80967e-16
5219.80946785 6.06398e-16
5221.99181252 5.47357e-16
5224.1741572 5.61797e-16
5226.35650187 5.72956e-16
5228.53884655 5.45525e-16
5230.72119123 5.39478e-16
5232.9035359 5.05529e-16
5235.08588058 5.26108e-16
5237.26822525 5.82831e-16
5239.45056993 5.54795e-16
5241.6329146 4.77571e-16
5243.81525928 5.08986e-16
5245.99760395 5.23465e-16
5248.17994863 5.30248e-16
5250.3622933 5.30902e-16
5252.54463798 4.88598e-16
5254.72698265 5.26807e-16
5256.90932733 5.03013e-16
5259.091672 5.08237e-16
5261.27401668 4.8712e-16
5263.45636135 5.26173e-16
5265.63870603 5.04127e-16
5267.8210507 5.3619e-16
5270.00339538 5.30549e-16
5272.18574005 5.29497e-16
5274.36808473 5.38504e-16
5276.5504294 5.3248e-16
5278.73277408 4.97469e-16
5280.91511875 5.02228e-16
5283.09746343 5.11996e-16
5285.2798081 5.20334e-16
5287.46215278 5.36493e-16
5289.64449745 5.35018e-16
5291.82684213 5.15233e-16
5294.0091868 5.01966e-16
5296.19153148 5.221e-16
5298.37387615 5.41932e-16
5300.55622083 5.19848e-16
5302.7385655 5.02636e-16
5304.92091018 5.58758e-16
5307.10325485 5.60554e-16
5309.28559953 5.56767e-16
5311.4679442 5.19353e-16
5313.65028888 4.86914e-16
5315.83263355 4.80686e-16
5318.01497823 5.17961e-16
5320.1973229 5.0565e-16
5322.37966758 5.15292e-16
5324.56201225 5.22316e-16
5326.74435693 5.20103e-16
5328.9267016 5.41553e-16
5331.10904628 5.11622e-16
5333.29139095 5.27671e-16
5335.47373563 5.31492e-16
5337.6560803 5.30187e-16
5339.83842498 5.26487e-16
5342.02076965 5.28755e-16
5344.20311433 5.33775e-16
5346.385459 5.27764e-16
5348.56780368 5.23568e-16
5350.75014835 5.26265e-16
5352.93249303 5.34274e-16
5355.1148377 5.30306e-16
5357.29718238 5.52046e-16
5359.47952705 5.24941e-16
5361.66187173 5.32745e-16
5363.8442164 5.60315e-16
5366.02656108 5.27451e-16
5368.20890575 5.23684e-16
5370.39125043 5.12523e-16
5372.5735951 5.26488e-16
5374.75593978 5.33987e-16
5376.93828445 5.26642e-16
5379.12062913 5.28004e-16
5381.3029738 5.47706e-16
5383.48531848 5.24617e-16
5385.66766315 5.2875e-16
5387.85000783 5.11476e-16
5390.0323525 4.91836e-16
5392.21469718 5.46826e-16
5394.39704185 5.80765e-16
5396.57938653 5.47501e-16
5398.7617312 5.38621e-16
5400.94407588 5.23636e-16
5403.12642056 5.19098e-16
5405.30876523 5.68156e-16
5407.49110991 5.50967e-16
5409.67345458 5.28159e-16
5411.85579926 5.28761e-16
5414.03814393 5.06782e-16
5416.22048861 5.1621e-16
5418.40283328 5.51086e-16
5420.58517796 5.22194e-16
5422.76752263 4.96153e-16
5424.94986731 5.11396e-16
5427.13221198 5.24702e-16
5429.31455666 5.60189e-16
5431.49690133 5.44529e-16
5433.67924601 5.27572e-16
5435.86159068 5.12331e-16
5438.04393536 5.2677e-16
5440.22628003 5.42401e-16
5442.40862471 5.73829e-16
5444.59096938 5.8232e-16
5446.77331406 5.50706e-16
5448.95565873 5.22715e-16
5451.13800341 5.17951e-16
5453.32034808 5.45077e-16
5455.50269276 5.34847e-16
5457.68503743 5.20183e-16
5459.86738211 5.35426e-16
5462.04972678 5.51571e-16
5464.23207146 5.67103e-16
5466.41441613 5.62672e-16
5468.59676081 5.62086e-16
5470.77910548 5.75613e-16
5472.96145016 5.34847e-16
5475.14379483 5.60383e-16
5477.32613951 5.6801e-16
5479.50848418 5.47761e-16
5481.69082886 5.94053e-16
5483.87317353 5.83031e-16
5486.05551821 5.93207e-16
5488.23786288 6.52295e-16
5490.42020756 6.54385e-16
5492.60255223 6.32278e-16
5494.78489691 6.29004e-16
5496.96724158 6.6289e-16
5499.14958626 6.55508e-16
5501.33193093 6.42341e-16
5503.51427561 6.48466e-16
5505.69662028 6.00596e-16
5507.87896496 6.01518e-16
5510.06130963 6.03296e-16
5512.24365431 5.79453e-16
5514.42599898 5.79764e-16
5516.60834366 5.73879e-16
5518.79068833 6.18195e-16
5520.97303301 5.71663e-16
5523.15537768 5.41357e-16
5525.33772236 5.87587e-16
5527.52006703 5.91502e-16
5529.70241171 5.81669e-16
5531.88475638 5.613e-16
5534.06710106 5.35005e-16
5536.24944573 5.64917e-16
5538.43179041 5.28491e-16
5540.61413508 5.10381e-16
5542.79647976 5.00761e-16
5544.97882443 5.66546e-16
5547.16116911 5.02771e-16
5549.34351378 5.27597e-16
5551.52585846 5.17412e-16
5553.70820313 5.29644e-16
5555.89054781 5.30779e-16
5558.07289248 5.29871e-16
5560.25523716 4.88006e-16
5562.43758183 5.36209e-16
5564.61992651 5.30257e-16
5566.80227118 5.13265e-16
5568.98461586 4.98654e-16
5571.16696054 4.70756e-16
5573.34930521 5.2346e-16
5575.53164989 5.45606e-16
5577.71399456 5.62965e-16
5579.89633924 5.67506e-16
5582.07868391 4.55979e-16
5584.26102859 4.85147e-16
5586.44337326 5.44984e-16
5588.62571794 5.36851e-16
5590.80806261 4.91745e-16
5592.99040729 5.04167e-16
5595.17275196 5.34519e-16
5597.35509664 5.05902e-16
5599.53744131 4.82633e-16
5601.71978599 5.13979e-16
5603.90213066 5.55831e-16
5606.08447534 5.29517e-16
5608.26682001 5.126e-16
5610.44916469 4.9624e-16
5612.63150936 5.11461e-16
5614.81385404 4.80074e-16
5616.99619871 5.0325e-16
5619.17854339 5.18331e-16
5621.36088806 5.47473e-16
5623.54323274 5.26501e-16
5625.72557741 5.37331e-16
5627.90792209 5.26128e-16
5630.09026676 4.98699e-16
5632.27261144 5.06882e-16
5634.45495611 5.45727e-16
5636.63730079 5.45793e-16
5638.81964546 5.06373e-16
5641.00199014 5.04172e-16
5643.18433481 5.24549e-16
5645.36667949 5.18355e-16
5647.54902416 5.00143e-16
5649.73136884 4.9728e-16
5651.91371351 5.04927e-16
5654.09605819 4.97675e-16
5656.27840286 4.95976e-16
5658.46074754 5.23563e-16
5660.64309221 5.11075e-16
5662.82543689 4.81943e-16
5665.00778156 5.08165e-16
5667.19012624 4.76166e-16
5669.37247091 5.17125e-16
5671.55481559 4.75765e-16
5673.73716026 5.05903e-16
5675.91950494 5.3231e-16
5678.10184961 5.00642e-16
5680.28419429 4.95e-16
5682.46653896 4.99263e-16
5684.64888364 5.33337e-16
5686.83122831 5.07284e-16
5689.01357299 4.88603e-16
5691.19591766 4.85494e-16
5693.37826234 5.23118e-16
5695.56060701 5.02668e-16
5697.74295169 4.81907e-16
5699.92529636 5.25231e-16
5702.10764104 5.13367e-16
5704.28998571 4.87824e-16
5706.47233039 4.88779e-16
5708.65467506 5.05496e-16
5710.83701974 5.20683e-16
5713.01936441 5.06133e-16
5715.20170909 5.02792e-16
5717.38405376 4.97568e-16
5719.56639844 4.80222e-16
5721.74874311 5.04826e-16
5723.93108779 5.07885e-16
5726.11343246 4.75631e-16
5728.29577714 4.89574e-16
5730.47812181 5.42844e-16
5732.66046649 5.39288e-16
5734.84281116 5.18348e-16
5737.02515584 4.5107e-16
5739.20750051 4.69481e-16
5741.38984519 5.19858e-16
5743.57218987 5.10507e-16
5745.75453454 4.98228e-16
5747.93687922 5.16681e-16
5750.11922389 4.75723e-16
5752.30156857 4.77591e-16
5754.48391324 4.84292e-16
5756.66625792 4.82044e-16
5758.84860259 5.21335e-16
5761.03094727 4.91357e-16
5763.21329194 5.35562e-16
5765.39563662 5.12615e-16
5767.57798129 4.93058e-16
5769.76032597 5.13522e-16
5771.94267064 5.1906e-16
5774.12501532 4.97204e-16
5776.30735999 4.46141e-16
5778.48970467 4.66352e-16
5780.67204934 4.61659e-16
5782.85439402 4.50176e-16
5785.03673869 4.82589e-16
5787.21908337 5.26758e-16
5789.40142804 4.9514e-16
5791.58377272 5.09009e-16
5793.76611739 5.2832e-16
5795.94846207 5.22056e-16
5798.13080674 5.19669e-16
5800.31315142 5.12364e-16
5802.49549609 4.8633e-16
5804.67784077 5.03904e-16
5806.86018544 4.78799e-16
5809.04253012 4.99854e-16
5811.22487479 4.78554e-16
5813.40721947 4.82604e-16
5815.58956414 5.01856e-16
5817.77190882 5.45513e-16
5819.95425349 5.24067e-16
5822.13659817 4.8106e-16
5824.31894284 4.95121e-16
5826.50128752 4.85568e-16
5828.68363219 5.00499e-16
5830.86597687 4.94674e-16
5833.04832154 4.74742e-16
5835.23066622 4.95722e-16
5837.41301089 4.72402e-16
5839.59535557 4.83824e-16
5841.77770024 4.97065e-16
5843.96004492 4.97918e-16
5846.14238959 4.84947e-16
5848.32473427 4.78328e-16
5850.50707894 4.71194e-16
5852.68942362 5.01654e-16
5854.87176829 5.02462e-16
5857.05411297 5.0426e-16
5859.23645764 5.03305e-16
5861.41880232 4.90068e-16
5863.60114699 5.17434e-16
5865.78349167 5.04885e-16
5867.96583634 5.01241e-16
5870.14818102 5.05972e-16
5872.33052569 5.14854e-16
5874.51287037 4.87273e-16
5876.69521504 4.61088e-16
5878.87755972 4.94921e-16
5881.05990439 4.96276e-16
5883.24224907 4.86942e-16
5885.42459374 4.84716e-16
5887.60693842 4.91736e-16
5889.78928309 4.92431e-16
5891.97162777 4.69545e-16
5894.15397244 4.79219e-16
5896.33631712 4.79813e-16
5898.51866179 4.69737e-16
5900.70100647 4.72269e-16
5902.88335114 4.95003e-16
5905.06569582 4.96714e-16
5907.24804049 4.88432e-16
5909.43038517 4.91054e-16
5911.61272985 4.83298e-16
5913.79507452 5.12958e-16
5915.9774192 4.97702e-16
5918.15976387 4.82085e-16
5920.34210855 4.88153e-16
5922.52445322 5.31197e-16
5924.7067979 5.41187e-16
5926.88914257 5.07607e-16
5929.07148725 4.88445e-16
5931.25383192 4.77165e-16
5933.4361766 4.90703e-16
5935.61852127 4.77584e-16
5937.80086595 4.70682e-16
5939.98321062 4.89575e-16
5942.1655553 4.81089e-16
5944.34789997 4.74631e-16
5946.53024465 4.63037e-16
5948.71258932 4.60374e-16
5950.894934 4.6014e-16
5953.07727867 5.16821e-16
5955.25962335 4.90273e-16
5957.44196802 4.52064e-16
5959.6243127 4.73099e-16
5961.80665737 4.64548e-16
5963.98900205 4.60385e-16
5966.17134672 4.48503e-16
5968.3536914 4.62384e-16
5970.53603607 4.64863e-16
5972.71838075 4.67475e-16
5974.90072542 4.5197e-16
5977.0830701 4.7206e-16
5979.26541477 4.87924e-16
5981.44775945 4.92582e-16
5983.63010412 4.59188e-16
5985.8124488 4.14208e-16
5987.99479347 4.25059e-16
5990.17713815 4.37915e-16
5992.35948282 4.27623e-16
5994.5418275 4.59142e-16
5996.72417217 4.50219e-16
5998.90651685 4.37603e-16
6001.08886152 4.31085e-16
6003.2712062 4.76532e-16
6005.45355087 4.54618e-16
6007.63589555 4.10611e-16
6009.81824022 4.29407e-16
6012.0005849 4.40843e-16
6014.18292957 4.49986e-16
6016.36527425 4.04501e-16
6018.54761892 4.34796e-16
6020.7299636 4.60544e-16
6022.91230827 4.18326e-16
6025.09465295 4.47315e-16
6027.27699762 4.69406e-16
6029.4593423 4.17837e-16
6031.64168697 4.15815e-16
6033.82403165 4.32127e-16
6036.00637632 4.44948e-16
6038.188721 4.47516e-16
6040.37106567 4.49881e-16
6042.55341035 4.37856e-16
6044.73575502 4.37896e-16
6046.9180997 4.29794e-16
6049.10044437 4.32618e-16
6051.28278905 4.18392e-16
6053.46513372 4.36509e-16
6055.6474784 4.5682e-16
6057.82982307 4.31665e-16
6060.01216775 4.23491e-16
6062.19451242 4.21333e-16
6064.3768571 4.45197e-16
6066.55920177 4.40748e-16
6068.74154645 4.42713e-16
6070.92389112 4.36973e-16
6073.1062358 4.10773e-16
6075.28858047 4.2102e-16
6077.47092515 4.34548e-16
6079.65326982 4.34586e-16
6081.8356145 4.64921e-16
6084.01795918 4.68086e-16
6086.20030385 4.14333e-16
6088.38264853 4.32576e-16
6090.5649932 4.32545e-16
6092.74733788 4.30852e-16
6094.92968255 4.29392e-16
6097.11202723 4.4174e-16
6099.2943719 4.32967e-16
6101.47671658 4.23821e-16
6103.65906125 4.45887e-16
6105.84140593 5.04737e-16
6108.0237506 4.72783e-16
6110.20609528 4.06961e-16
6112.38843995 4.28573e-16
6114.57078463 4.60424e-16
6116.7531293 4.77048e-16
6118.93547398 4.63293e-16
6121.11781865 4.7271e-16
6123.30016333 4.62175e-16
6125.482508 4.7639e-16
6127.66485268 4.75245e-16
6129.84719735 4.45945e-16
6132.02954203 4.41908e-16
6134.2118867 4.60139e-16
6136.39423138 4.99998e-16
6138.57657605 5.32189e-16
6140.75892073 5.41705e-16
6142.9412654 5.89018e-16
6145.12361008 6.6597e-16
6147.30595475 6.28254e-16
6149.48829943 6.34144e-16
6151.6706441 6.72434e-16
6153.85298878 6.87873e-16
6156.03533345 7.36755e-16
6158.21767813 7.05979e-16
6160.4000228 6.79895e-16
6162.58236748 6.79537e-16
6164.76471215 6.08523e-16
6166.94705683 5.38319e-16
6169.1294015 5.06383e-16
6171.31174618 5.37494e-16
6173.49409085 5.3418e-16
6175.67643553 5.0631e-16
6177.8587802 5.17033e-16
6180.04112488 5.01503e-16
6182.22346955 4.76361e-16
6184.40581423 4.59133e-16
6186.5881589 4.6587e-16
6188.77050358 4.42581e-16
6190.95284825 3.90323e-16
6193.13519293 4.13982e-16
6195.3175376 4.31002e-16
6197.49988228 4.28702e-16
6199.68222695 3.97792e-16
6201.86457163 4.43623e-16
6204.0469163 4.55486e-16
6206.22926098 4.39118e-16
6208.41160565 4.61888e-16
6210.59395033 4.5418e-16
6212.776295 4.38301e-16
6214.95863968 4.46066e-16
6217.14098435 4.29802e-16
6219.32332903 4.49769e-16
6221.5056737 4.39568e-16
6223.68801838 4.48333e-16
6225.87036305 4.2403e-16
6228.05270773 3.90966e-16
6230.2350524 4.25868e-16
6232.41739708 4.3989e-16
6234.59974175 4.21114e-16
6236.78208643 3.89294e-16
6238.9644311 3.71523e-16
6241.14677578 4.17959e-16
6243.32912045 4.54165e-16
6245.51146513 4.38329e-16
6247.6938098 4.13708e-16
6249.87615448 4.33736e-16
6252.05849916 4.14129e-16
6254.24084383 3.99736e-16
6256.42318851 3.68412e-16
6258.60553318 3.83633e-16
6260.78787786 4.35834e-16
6262.97022253 4.29311e-16
6265.15256721 4.01545e-16
6267.33491188 4.03794e-16
6269.51725656 4.29659e-16
6271.69960123 4.44534e-16
6273.88194591 4.23229e-16
6276.06429058 4.06797e-16
6278.24663526 4.06799e-16
6280.42897993 3.98404e-16
6282.61132461 4.20404e-16
6284.79366928 3.94308e-16
6286.97601396 3.64009e-16
6289.15835863 3.91233e-16
6291.34070331 4.03996e-16
6293.52304798 3.78087e-16
6295.70539266 3.89422e-16
6297.88773733 3.99723e-16
6300.07008201 3.96797e-16
6302.25242668 4.55389e-16
6304.43477136 4.1586e-16
6306.61711603 3.57767e-16
6308.79946071 3.87093e-16
6310.98180538 3.85437e-16
6313.16415006 3.6447e-16
6315.34649473 3.92904e-16
6317.52883941 4.02864e-16
6319.71118408 3.79575e-16
6321.89352876 4.06258e-16
6324.07587343 4.18934e-16
6326.25821811 4.49639e-16
6328.44056278 4.52018e-16
6330.62290746 4.4326e-16
6332.80525213 4.42443e-16
6334.98759681 4.62839e-16
6337.16994148 4.61442e-16
6339.35228616 4.78018e-16
6341.53463083 5.1774e-16
6343.71697551 5.07417e-16
6345.89932018 4.70526e-16
6348.08166486 4.42667e-16
6350.26400953 4.47924e-16
6352.44635421 4.17799e-16
6354.62869888 4.1162e-16
6356.81104356 4.07373e-16
6358.99338823 4.34877e-16
6361.17573291 3.71229e-16
6363.35807758 3.86293e-16
6365.54042226 4.09521e-16
6367.72276693 4.12451e-16
6369.90511161 4.07772e-16
6372.08745628 4.1661e-16
6374.26980096 4.27674e-16
6376.45214563 4.14706e-16
6378.63449031 4.1273e-16
6380.81683498 3.82558e-16
6382.99917966 4.15009e-16
6385.18152433 3.71387e-16
6387.36386901 4.02785e-16
6389.54621368 4.01395e-16
6391.72855836 4.15513e-16
6393.91090303 3.87591e-16
6396.09324771 3.80755e-16
6398.27559238 4.32439e-16
6400.45793706 3.81914e-16
6402.64028173 3.34103e-16
6404.82262641 3.87185e-16
6407.00497108 4.00042e-16
6409.18731576 4.01236e-16
6411.36966043 4.11851e-16
6413.55200511 4.04276e-16
6415.73434978 3.9233e-16
6417.91669446 4.39958e-16
6420.09903913 4.20803e-16
6422.28138381 4.03573e-16
6424.46372849 3.64707e-16
6426.64607316 4.06146e-16
6428.82841784 3.8122e-16
6431.01076251 3.74925e-16
6433.19310719 4.24475e-16
6435.37545186 4.09728e-16
6437.55779654 3.52564e-16
6439.74014121 3.93469e-16
6441.92248589 4.28934e-16
6444.10483056 3.78532e-16
6446.28717524 3.64031e-16
6448.46951991 3.72527e-16
6450.65186459 3.80792e-16
6452.83420926 3.63077e-16
6455.01655394 3.69237e-16
6457.19889861 3.63104e-16
6459.38124329 3.87204e-16
6461.56358796 3.84214e-16
6463.74593264 4.01779e-16
6465.92827731 3.87536e-16
6468.11062199 4.11325e-16
6470.29296666 3.95986e-16
6472.47531134 3.99546e-16
6474.65765601 3.93296e-16
6476.84000069 3.74631e-16
6479.02234536 3.81322e-16
6481.20469004 3.56991e-16
6483.38703471 3.65107e-16
6485.56937939 4.09847e-16
6487.75172406 3.72285e-16
6489.93406874 3.69208e-16
6492.11641341 3.96276e-16
6494.29875809 3.6053e-16
6496.48110276 3.96187e-16
6498.66344744 3.92711e-16
6500.84579211 4.1363e-16
6503.02813679 3.98052e-16
6505.21048146 4.06727e-16
6507.39282614 4.03254e-16
6509.57517081 3.76846e-16
6511.75751549 3.67901e-16
6513.93986016 3.50954e-16
6516.12220484 3.89314e-16
6518.30454951 3.63638e-16
6520.48689419 3.99019e-16
6522.66923886 3.8674e-16
6524.85158354 3.89282e-16
6527.03392821 4.07808e-16
6529.21627289 3.90569e-16
6531.39861756 3.91036e-16
6533.58096224 3.85828e-16
6535.76330691 4.17593e-16
6537.94565159 4.28522e-16
6540.12799626 4.16113e-16
6542.31034094 3.5267e-16
6544.49268561 3.76434e-16
6546.67503029 4.28388e-16
6548.85737496 4.47838e-16
6551.03971964 3.99201e-16
6553.22206431 4.36609e-16
6555.40440899 3.94888e-16
6557.58675366 3.81881e-16
6559.76909834 4.20758e-16
6561.95144301 3.89891e-16
6564.13378769 3.85666e-16
6566.31613236 3.67815e-16
6568.49847704 3.99693e-16
6570.68082171 3.83797e-16
6572.86316639 3.96198e-16
6575.04551106 3.96583e-16
6577.22785574 3.91916e-16
6579.41020041 3.77355e-16
6581.59254509 4.07777e-16
6583.77488976 4.17707e-16
6585.95723444 3.9188e-16
6588.13957911 4.47367e-16
6590.32192379 4.28677e-16
6592.50426847 3.90223e-16
6594.68661314 3.81654e-16
6596.86895782 3.73608e-16
6599.05130249 3.775e-16
6601.23364717 3.94578e-16
6603.41599184 3.92001e-16
6605.59833652 3.69109e-16
6607.78068119 3.67626e-16
6609.96302587 3.62578e-16
6612.14537054 3.80762e-16
6614.32771522 3.77711e-16
6616.51005989 3.77982e-16
6618.69240457 3.61635e-16
6620.87474924 3.7015e-16
6623.05709392 3.64554e-16
6625.23943859 3.54439e-16
6627.42178327 3.73866e-16
6629.60412794 3.8049e-16
6631.78647262 3.76353e-16
6633.96881729 3.66873e-16
6636.15116197 3.63156e-16
6638.33350664 3.74297e-16
6640.51585132 4.04341e-16
6642.69819599 3.91147e-16
6644.88054067 3.63964e-16
6647.06288534 4.08531e-16
6649.24523002 4.15132e-16
6651.42757469 4.06356e-16
6653.60991937 4.06784e-16
6655.79226404 4.10404e-16
6657.97460872 3.88754e-16
6660.15695339 4.01158e-16
6662.33929807 4.05676e-16
6664.52164274 3.95325e-16
6666.70398742 3.86861e-16
6668.88633209 4.05471e-16
6671.06867677 3.88862e-16
6673.25102144 3.83033e-16
6675.43336612 3.78931e-16
6677.61571079 3.85969e-16
6679.79805547 4.07376e-16
6681.98040014 3.76945e-16
6684.16274482 3.73441e-16
6686.34508949 3.99228e-16
6688.52743417 3.83363e-16
6690.70977884 3.74707e-16
6692.89212352 3.83833e-16
6695.07446819 3.7889e-16
6697.25681287 3.66468e-16
6699.43915754 3.82018e-16
6701.62150222 3.97209e-16
6703.80384689 4.05251e-16
6705.98619157 4.04863e-16
6708.16853624 4.11018e-16
6710.35088092 4.1729e-16
6712.53322559 3.88487e-16
6714.71557027 3.64015e-16
6716.89791494 3.87884e-16
6719.08025962 3.59613e-16
6721.26260429 3.60301e-16
6723.44494897 3.66597e-16
6725.62729364 3.76972e-16
6727.80963832 3.83769e-16
6729.99198299 3.68357e-16
6732.17432767 3.9415e-16
6734.35667234 3.84314e-16
6736.53901702 3.94738e-16
6738.72136169 3.60544e-16
6740.90370637 3.54146e-16
6743.08605104 3.84534e-16
6745.26839572 3.70565e-16
6747.45074039 3.95016e-16
6749.63308507 4.1078e-16
6751.81542974 3.76138e-16
6753.99777442 3.84872e-16
6756.18011909 3.92828e-16
6758.36246377 3.625e-16
6760.54480844 3.82614e-16
6762.72715312 3.8456e-16
6764.9094978 3.99929e-16
6767.09184247 3.75068e-16
6769.27418715 3.61506e-16
6771.45653182 3.52816e-16
6773.6388765 3.61652e-16
6775.82122117 3.95924e-16
6778.00356585 3.75324e-16
6780.18591052 3.49905e-16
6782.3682552 3.76591e-16
6784.55059987 3.85992e-16
6786.73294455 3.78438e-16
6788.91528922 3.87671e-16
6791.0976339 3.71179e-16
6793.27997857 3.64062e-16
6795.46232325 3.82358e-16
6797.64466792 3.8409e-16
6799.8270126 3.84854e-16
6802.00935727 3.71734e-16
6804.19170195 3.85329e-16
6806.37404662 3.85717e-16
6808.5563913 3.57185e-16
6810.73873597 3.66143e-16
6812.92108065 3.66724e-16
6815.10342532 3.78077e-16
6817.28577 4.00567e-16
6819.46811467 3.93169e-16
6821.65045935 3.67115e-16
6823.83280402 3.60865e-16
6826.0151487 3.58352e-16
6828.19749337 3.79988e-16
6830.37983805 3.78673e-16
6832.56218272 3.60279e-16
6834.7445274 4.00747e-16
6836.92687207 3.92625e-16
6839.10921675 3.58118e-16
6841.29156142 3.52953e-16
6843.4739061 3.81055e-16
6845.65625077 4.1422e-16
6847.83859545 3.90683e-16
6850.02094012 3.77253e-16
6852.2032848 3.56971e-16
6854.38562947 3.77076e-16
6856.56797415 3.7331e-16
6858.75031882 3.70567e-16
6860.9326635 3.86645e-16
6863.11500817 3.3965e-16
6865.29735285 3.4961e-16
6867.47969752 2.91642e-16
6869.6620422 2.71454e-16
6871.84438687 2.91493e-16
6874.02673155 3.14633e-16
6876.20907622 3.45363e-16
6878.3914209 3.37556e-16
6880.57376557 3.73032e-16
6882.75611025 3.46802e-16
6884.93845492 3.20161e-16
6887.1207996 3.34992e-16
6889.30314427 3.51804e-16
6891.48548895 3.38141e-16
6893.66783362 3.25473e-16
6895.8501783 3.03994e-16
6898.03252297 3.02742e-16
6900.21486765 3.39459e-16
6902.39721232 3.2621e-16
6904.579557 3.2673e-16
6906.76190167 3.26575e-16
6908.94424635 3.47416e-16
6911.12659102 3.32741e-16
6913.3089357 3.58606e-16
6915.49128037 3.64565e-16
6917.67362505 3.68134e-16
6919.85596972 3.79301e-16
6922.0383144 3.58133e-16
6924.22065907 3.42393e-16
6926.40300375 3.26428e-16
6928.58534842 3.4014e-16
6930.7676931 3.51993e-16
6932.95003778 3.33107e-16
6935.13238245 3.56997e-16
6937.31472713 3.29606e-16
6939.4970718 3.38431e-16
6941.67941648 3.37634e-16
6943.86176115 3.22682e-16
6946.04410583 3.34521e-16
6948.2264505 3.5096e-16
6950.40879518 3.50933e-16
6952.59113985 3.52543e-16
6954.77348453 3.18978e-16
6956.9558292 3.58548e-16
6959.13817388 3.43686e-16
6961.32051855 3.77359e-16
6963.50286323 3.95211e-16
6965.6852079 4.02354e-16
6967.86755258 3.75923e-16
6970.04989725 3.29712e-16
6972.23224193 3.57389e-16
6974.4145866 3.53573e-16
6976.59693128 3.29048e-16
6978.77927595 3.50372e-16
6980.96162063 3.80868e-16
6983.1439653 3.38079e-16
6985.32630998 3.53186e-16
6987.50865465 3.37244e-16
6989.69099933 3.31928e-16
6991.873344 3.26597e-16
6994.05568868 3.53464e-16
6996.23803335 3.80679e-16
6998.42037803 3.59891e-16
7000.6027227 3.46146e-16
7002.78506738 3.55221e-16
7004.96741205 3.7993e-16
7007.14975673 3.81277e-16
7009.3321014 3.61235e-16
7011.51444608 3.74163e-16
7013.69679075 3.76676e-16
7015.87913543 3.54982e-16
7018.0614801 3.76739e-16
7020.24382478 3.8493e-16
7022.42616945 3.57563e-16
7024.60851413 3.27804e-16
7026.7908588 3.38221e-16
7028.97320348 3.5815e-16
7031.15554815 3.74577e-16
7033.33789283 4.08766e-16
7035.5202375 3.97746e-16
7037.70258218 3.45071e-16
7039.88492685 3.81769e-16
7042.06727153 3.58806e-16
7044.2496162 3.22321e-16
7046.43196088 3.52727e-16
7048.61430555 3.70635e-16
7050.79665023 3.36973e-16
7052.9789949 3.52162e-16
7055.16133958 3.59544e-16
7057.34368425 3.41601e-16
7059.52602893 3.26523e-16
7061.7083736 3.26608e-16
7063.89071828 3.87235e-16
7066.07306295 3.97259e-16
7068.25540763 3.68414e-16
7070.4377523 3.60984e-16
7072.62009698 3.42885e-16
7074.80244165 3.51371e-16
7076.98478633 3.7817e-16
7079.167131 3.81859e-16
7081.34947568 3.84278e-16
7083.53182035 3.5854e-16
7085.71416503 3.48438e-16
7087.8965097 3.73471e-16
7090.07885438 3.70021e-16
7092.26119905 3.40142e-16
7094.44354373 3.40076e-16
7096.6258884 3.71288e-16
7098.80823308 3.59202e-16
7100.99057775 3.40232e-16
7103.17292243 3.30323e-16
7105.35526711 3.39064e-16
7107.53761178 3.44198e-16
7109.71995646 3.51431e-16
7111.90230113 3.39114e-16
7114.08464581 3.51511e-16
7116.26699048 3.64012e-16
7118.44933516 3.79034e-16
7120.63167983 3.9244e-16
7122.81402451 3.60593e-16
7124.99636918 3.58176e-16
7127.17871386 3.68481e-16
7129.36105853 3.54692e-16
7131.54340321 3.2552e-16
7133.72574788 3.46075e-16
7135.90809256 3.93337e-16
7138.09043723 3.51295e-16
7140.27278191 3.13496e-16
7142.45512658 3.54525e-16
7144.63747126 3.48462e-16
7146.81981593 3.47395e-16
7149.00216061 3.58947e-16
7151.18450528 3.59716e-16
7153.36684996 3.60217e-16
7155.54919463 3.29126e-16
7157.73153931 3.46162e-16
7159.91388398 3.37452e-16
7162.09622866 3.22698e-16
7164.27857333 3.15897e-16
7166.46091801 3.24478e-16
7168.64326268 3.37624e-16
7170.82560736 3.10969e-16
7173.00795203 3.37369e-16
7175.19029671 3.38395e-16
7177.37264138 3.32791e-16
7179.55498606 2.90166e-16
7181.73733073 2.87317e-16
7183.91967541 2.7753e-16
7186.10202008 2.80548e-16
7188.28436476 2.85827e-16
7190.46670943 3.16159e-16
7192.64905411 3.45243e-16
7194.83139878 3.19892e-16
7197.01374346 3.12476e-16
7199.19608813 2.91544e-16
7201.37843281 2.87793e-16
7203.56077748 3.20602e-16
7205.74312216 3.12087e-16
7207.92546683 3.3455e-16
7210.10781151 3.68239e-16
7212.29015618 3.65877e-16
7214.47250086 3.55855e-16
7216.65484553 3.30392e-16
7218.83719021 3.33805e-16
7221.01953488 3.3788e-16
7223.20187956 3.42568e-16
7225.38422423 3.10519e-16
7227.56656891 3.20466e-16
7229.74891358 2.9771e-16
7231.93125826 3.18679e-16
7234.11360293 3.04751e-16
7236.29594761 3.20552e-16
7238.47829228 3.54999e-16
7240.66063696 2.70023e-16
7242.84298163 2.88646e-16
7245.02532631 3.66099e-16
7247.20767098 3.58198e-16
7249.39001566 3.37689e-16
7251.57236033 3.13694e-16
7253.75470501 2.97915e-16
7255.93704968 2.99161e-16
7258.11939436 3.00886e-16
7260.30173903 3.01834e-16
7262.48408371 3.2666e-16
7264.66642838 3.16688e-16
7266.84877306 3.23124e-16
7269.03111773 3.50793e-16
7271.21346241 3.16092e-16
7273.39580709 3.37678e-16
7275.57815176 3.33862e-16
7277.76049644 3.00798e-16
7279.94284111 3.20399e-16
7282.12518579 2.91695e-16
7284.30753046 3.37695e-16
7286.48987514 3.71154e-16
7288.67221981 3.61568e-16
7290.85456449 3.24225e-16
7293.03690916 3.13808e-16
7295.21925384 3.40419e-16
7297.40159851 3.76486e-16
7299.58394319 3.66448e-16
7301.76628786 3.27268e-16
7303.94863254 2.97896e-16
7306.13097721 2.96134e-16
7308.31332189 3.29792e-16
7310.49566656 3.37992e-16
7312.67801124 2.96985e-16
7314.86035591 3.17149e-16
7317.04270059 3.47381e-16
7319.22504526 3.0971e-16
7321.40738994 3.57951e-16
7323.58973461 3.86343e-16
7325.77207929 3.30307e-16
7327.95442396 3.606e-16
7330.13676864 3.77883e-16
7332.31911331 3.43859e-16
7334.50145799 3.26819e-16
7336.68380266 3.09384e-16
7338.86614734 3.451e-16
7341.04849201 3.73484e-16
7343.23083669 3.76019e-16
7345.41318136 3.73955e-16
7347.59552604 3.68261e-16
7349.77787071 3.75132e-16
7351.96021539 3.66107e-16
7354.14256006 3.65511e-16
7356.32490474 3.32189e-16
7358.50724941 3.71654e-16
7360.68959409 3.74392e-16
7362.87193876 3.45276e-16
7365.05428344 3.32795e-16
7367.23662811 3.48346e-16
7369.41897279 3.73887e-16
7371.60131746 3.8178e-16
7373.78366214 3.81146e-16
7375.96600681 3.89332e-16
7378.14835149 3.87762e-16
7380.33069616 3.46833e-16
7382.51304084 3.42724e-16
7384.69538551 3.31047e-16
7386.87773019 3.69854e-16
7389.06007486 3.67743e-16
7391.24241954 3.22316e-16
7393.42476421 3.81886e-16
7395.60710889 3.89517e-16
7397.78945356 3.15629e-16
7399.97179824 4.03755e-16
7402.15414291 4.13558e-16
7404.33648759 3.92944e-16
7406.51883226 3.86114e-16
7408.70117694 4.04756e-16
7410.88352161 3.74977e-16
7413.06586629 3.57589e-16
7415.24821096 3.93711e-16
7417.43055564 3.83771e-16
7419.61290031 3.59002e-16
7421.79524499 3.77965e-16
7423.97758966 3.65108e-16
7426.15993434 4.01062e-16
7428.34227901 3.99454e-16
7430.52462369 3.78625e-16
7432.70696836 3.60211e-16
7434.88931304 3.76612e-16
7437.07165771 4.3398e-16
7439.25400239 4.10167e-16
7441.43634706 4.53756e-16
7443.61869174 4.24797e-16
7445.80103642 4.25879e-16
7447.98338109 3.77631e-16
7450.16572577 3.95511e-16
7452.34807044 3.94293e-16
7454.53041512 3.32469e-16
7456.71275979 3.44318e-16
7458.89510447 3.64471e-16
7461.07744914 3.98681e-16
7463.25979382 3.74423e-16
7465.44213849 3.30908e-16
7467.62448317 3.55972e-16
7469.80682784 3.63751e-16
7471.98917252 3.86227e-16
7474.17151719 3.61512e-16
7476.35386187 3.68235e-16
7478.53620654 3.36781e-16
7480.71855122 3.46733e-16
7482.90089589 3.59044e-16
7485.08324057 3.88729e-16
7487.26558524 3.35063e-16
7489.44792992 3.19829e-16
7491.63027459 3.19732e-16
7493.81261927 3.48502e-16
7495.99496394 3.74516e-16
7498.17730862 3.64453e-16
7500.35965329 3.5791e-16
7502.54199797 3.56693e-16
7504.72434264 3.86379e-16
7506.90668732 3.50918e-16
7509.08903199 3.69003e-16
7511.27137667 3.56867e-16
7513.45372134 3.59465e-16
7515.63606602 3.65104e-16
7517.81841069 3.29116e-16
7520.00075537 3.11776e-16
7522.18310004 3.55062e-16
7524.36544472 3.6161e-16
7526.54778939 3.30184e-16
7528.73013407 3.17399e-16
7530.91247874 3.11928e-16
7533.09482342 3.57484e-16
7535.27716809 3.56304e-16
7537.45951277 3.34909e-16
7539.64185744 3.52658e-16
7541.82420212 3.49419e-16
7544.00654679 3.4407e-16
7546.18889147 3.54324e-16
7548.37123614 3.56126e-16
7550.55358082 3.30816e-16
7552.73592549 3.17176e-16
7554.91827017 3.09134e-16
7557.10061484 3.42256e-16
7559.28295952 3.30571e-16
7561.46530419 2.78698e-16
7563.64764887 3.23684e-16
7565.82999354 3.06405e-16
7568.01233822 3.00124e-16
7570.19468289 3.5956e-16
7572.37702757 3.58924e-16
7574.55937224 3.36401e-16
7576.74171692 3.66815e-16
7578.92406159 3.59975e-16
7581.10640627 3.08533e-16
7583.28875094 3.41626e-16
7585.47109562 3.29021e-16
7587.65344029 2.90377e-16
7589.83578497 2.82407e-16
7592.01812964 2.69193e-16
7594.20047432 2.47797e-16
7596.38281899 1.68888e-16
7598.56516367 1.3635e-16
7600.74750834 1.49981e-16
7602.92985302 1.15327e-16
7605.11219769 1.05222e-16
7607.29454237 1.45023e-16
7609.47688704 1.1603e-16
7611.65923172 1.6593e-16
7613.8415764 1.8605e-16
7616.02392107 2.37153e-16
7618.20626575 2.92529e-16
7620.38861042 2.81361e-16
7622.5709551 2.1067e-16
7624.75329977 1.71656e-16
7626.93564445 1.57133e-16
7629.11798912 1.76985e-16
7631.3003338 1.9581e-16
7633.48267847 2.10064e-16
7635.66502315 2.16133e-16
7637.84736782 2.13611e-16
7640.0297125 2.06819e-16
7642.21205717 1.81859e-16
7644.39440185 2.21577e-16
7646.57674652 2.28034e-16
7648.7590912 2.21847e-16
7650.94143587 2.31749e-16
7653.12378055 2.31474e-16
7655.30612522 2.86127e-16
7657.4884699 2.58774e-16
7659.67081457 2.9846e-16
7661.85315925 2.72351e-16
7664.03550392 3.09425e-16
7666.2178486 2.72461e-16
7668.40019327 2.90104e-16
7670.58253795 2.73332e-16
7672.76488262 3.07872e-16
7674.9472273 3.12227e-16
7677.12957197 2.88991e-16
7679.31191665 3.06498e-16
7681.49426132 3.0152e-16
7683.676606 3.3056e-16
7685.85895067 3.38197e-16
7688.04129535 3.08046e-16
7690.22364002 3.37819e-16
7692.4059847 3.56867e-16
7694.58832937 3.09825e-16
7696.77067405 3.08611e-16
7698.95301872 3.50994e-16
7701.1353634 3.537e-16
7703.31770807 2.87806e-16
7705.50005275 3.17835e-16
7707.68239742 3.45482e-16
7709.8647421 3.0444e-16
7712.04708677 3.13988e-16
7714.22943145 3.44789e-16
7716.41177612 3.30614e-16
7718.5941208 3.60659e-16
7720.77646547 3.41011e-16
7722.95881015 3.2175e-16
7725.14115482 3.64927e-16
7727.3234995 3.49999e-16
7729.50584417 3.52488e-16
7731.68818885 3.45637e-16
7733.87053352 3.07774e-16
7736.0528782 3.30974e-16
7738.23522287 3.46148e-16
7740.41756755 3.12707e-16
7742.59991222 3.41922e-16
7744.7822569 3.6725e-16
7746.96460157 3.47081e-16
7749.14694625 3.34681e-16
7751.32929092 3.07621e-16
7753.5116356 3.40175e-16
7755.69398027 3.60875e-16
7757.87632495 3.32699e-16
7760.05866962 3.60896e-16
7762.2410143 3.54431e-16
7764.42335897 3.69077e-16
7766.60570365 3.85687e-16
7768.78804832 3.66087e-16
7770.970393 3.6841e-16
7773.15273767 3.87713e-16
7775.33508235 3.38602e-16
7777.51742702 3.2673e-16
7779.6997717 3.59145e-16
7781.88211637 3.24157e-16
7784.06446105 3.34385e-16
7786.24680573 3.52858e-16
7788.4291504 3.67911e-16
7790.61149508 3.57857e-16
7792.79383975 3.27165e-16
7794.97618443 3.3245e-16
7797.1585291 3.22315e-16
7799.34087378 3.53936e-16
7801.52321845 3.2149e-16
7803.70556313 3.39603e-16
7805.8879078 3.20707e-16
7808.07025248 3.74061e-16
7810.25259715 3.72526e-16
7812.43494183 3.53062e-16
7814.6172865 3.78433e-16
7816.79963118 3.76482e-16
7818.98197585 3.87351e-16
7821.16432053 3.3347e-16
7823.3466652 3.48392e-16
7825.52900988 3.10514e-16
7827.71135455 3.51161e-16
7829.89369923 3.6512e-16
7832.0760439 3.42353e-16
7834.25838858 2.71704e-16
7836.44073325 3.03486e-16
7838.62307793 3.64903e-16
7840.8054226 3.72803e-16
7842.98776728 3.61007e-16
7845.17011195 3.92761e-16
7847.35245663 3.26617e-16
7849.5348013 3.34728e-16
7851.71714598 3.21956e-16
7853.89949065 3.24599e-16
7856.08183533 3.43701e-16
7858.26418 3.52262e-16
7860.44652468 3.59188e-16
7862.62886935 3.71078e-16
7864.81121403 3.47712e-16
7866.9935587 3.4799e-16
7869.17590338 3.98672e-16
7871.35824805 3.91265e-16
7873.54059273 3.38036e-16
7875.7229374 3.41448e-16
7877.90528208 2.92214e-16
7880.08762675 3.12773e-16
7882.26997143 3.8554e-16
7884.4523161 3.51777e-16
7886.63466078 3.60964e-16
7888.81700545 3.94791e-16
7890.99935013 3.72903e-16
7893.1816948 3.25709e-16
7895.36403948 3.23883e-16
7897.54638415 2.99374e-16
7899.72872883 2.77044e-16
7901.9110735 3.06374e-16
7904.09341818 3.40908e-16
7906.27576285 3.80882e-16
7908.45810753 3.25223e-16
7910.6404522 3.15583e-16
7912.82279688 3.45238e-16
7915.00514155 3.52786e-16
7917.18748623 3.95894e-16
7919.3698309 3.93609e-16
7921.55217558 3.69897e-16
7923.73452025 3.47457e-16
7925.91686493 3.35853e-16
7928.0992096 3.44695e-16
7930.28155428 3.497e-16
7932.46389895 3.68844e-16
7934.64624363 3.86033e-16
7936.8285883 3.53146e-16
7939.01093298 3.70939e-16
7941.19327765 3.17038e-16
7943.37562233 3.35396e-16
7945.557967 3.31577e-16
7947.74031168 2.97951e-16
7949.92265635 3.63146e-16
7952.10500103 3.57811e-16
7954.28734571 3.54865e-16
7956.46969038 2.98426e-16
7958.65203506 3.03461e-16
7960.83437973 3.07811e-16
7963.01672441 3.45022e-16
7965.19906908 3.73657e-16
7967.38141376 3.61275e-16
7969.56375843 2.75618e-16
7971.74610311 3.6653e-16
7973.92844778 3.36041e-16
7976.11079246 3.6442e-16
7978.29313713 3.548e-16
7980.47548181 3.59173e-16
