3561.78236842 2.0324876448e-16
3563.96476984 2.03021696796e-16
3566.14717126 1.86797397185e-16
3568.32957268 1.76967645301e-16
3570.5119741 1.57518350371e-16
3572.69437551 1.5573939614e-16
3574.87677693 1.39858812834e-16
3577.05917835 1.36078499903e-16
3579.24157977 1.33229002573e-16
3581.42398119 1.07494120113e-16
3583.60638261 1.12328103711e-16
3585.78878403 1.0642700926e-16
3587.97118545 1.01255068455e-16
3590.15358686 9.42926132854e-17
3592.33598828 1.08864729423e-16
3594.5183897 1.05439849411e-16
3596.70079112 1.06071046735e-16
3598.88319254 9.64722688264e-17
3601.06559396 9.94808515649e-17
3603.24799538 1.04118329642e-16
3605.4303968 1.01329350863e-16
3607.61279821 9.97862692217e-17
3609.79519963 8.99497859815e-17
3611.97760105 9.74670496521e-17
3614.16000247 1.01078123948e-16
3616.34240389 9.3000320786e-17
3618.52480531 1.07035314129e-16
3620.70720673 1.19899582516e-16
3622.88960814 1.04250051869e-16
3625.07200956 9.35512308246e-17
3627.25441098 8.53530939783e-17
3629.4368124 9.07524412699e-17
3631.61921382 9.73543354831e-17
3633.80161524 7.29443911949e-17
3635.98401666 8.13372958278e-17
3638.16641808 1.00776201567e-16
3640.34881949 9.81646668224e-17
3642.53122091 9.92643640166e-17
3644.71362233 1.03121089833e-16
3646.89602375 9.47714251187e-17
3649.07842517 9.53391240439e-17
3651.26082659 9.52832089875e-17
3653.44322801 1.00106084427e-16
3655.62562943 1.00654241315e-16
3657.80803084 9.41028538866e-17
3659.99043226 8.4654931191e-17
3662.17283368 7.93593390128e-17
3664.3552351 8.43570105547e-17
3666.53763652 8.86777439706e-17
3668.72003794 8.73671945915e-17
3670.90243936 7.9599858215e-17
3673.08484077 8.94494012507e-17
3675.26724219 9.1631059963e-17
3677.44964361 9.36544875529e-17
3679.63204503 7.65482335998e-17
3681.81444645 8.9491911637e-17
3683.99684787 9.04746409158e-17
3686.17924929 9.4505690604e-17
3688.36165071 8.83584628421e-17
3690.54405212 8.51206881451e-17
3692.72645354 8.39359990562e-17
3694.90885496 8.17663619851e-17
3697.09125638 8.81801466071e-17
3699.2736578 9.24447461782e-17
3701.45605922 8.51108913608e-17
3703.63846064 9.13261789353e-17
3705.82086205 9.69977823756e-17
3708.00326347 1.06915017483e-16
3710.18566489 9.1274062421e-17
3712.36806631 9.51130330737e-17
3714.55046773 9.6327802055e-17
3716.73286915 9.28776228767e-17
3718.91527057 1.06688374041e-16
3721.09767199 9.9414961581e-17
3723.2800734 1.02183108987e-16
3725.46247482 1.02866960538e-16
3727.64487624 9.15617783668e-17
3729.82727766 9.41084261159e-17
3732.00967908 8.91559666993e-17
3734.1920805 9.27119505174e-17
3736.37448192 9.85428527795e-17
3738.55688334 9.94781413706e-17
3740.73928475 8.75879161669e-17
3742.92168617 9.82246057716e-17
3745.10408759 8.84693748521e-17
3747.28648901 8.2569851564e-17
3749.46889043 8.88093038793e-17
3751.65129185 9.99003642632e-17
3753.83369327 9.91930318605e-17
3756.01609468 1.03180692739e-16
3758.1984961 9.04149263593e-17
3760.38089752 1.11317689799e-16
3762.56329894 1.04014151416e-16
3764.74570036 8.33176530672e-17
3766.92810178 9.06078775064e-17
3769.1105032 1.00117216691e-16
3771.29290462 9.57021650052e-17
3773.47530603 9.21939653811e-17
3775.65770745 1.01019107225e-16
3777.84010887 9.94781206176e-17
3780.02251029 9.01815872379e-17
3782.20491171 9.27841008606e-17
3784.38731313 8.71533367466e-17
3786.56971455 9.62106535108e-17
3788.75211596 1.01416675826e-16
3790.93451738 9.54939426499e-17
3793.1169188 9.11609251342e-17
3795.29932022 8.39439368987e-17
3797.48172164 8.97364435724e-17
3799.66412306 9.22141740003e-17
3801.84652448 7.51262035086e-17
3804.0289259 7.99372219617e-17
3806.21132731 8.21587786314e-17
3808.39372873 8.63407694754e-17
3810.57613015 8.58254628118e-17
3812.75853157 7.96029821165e-17
3814.94093299 7.53692895278e-17
3817.12333441 9.03039968947e-17
3819.30573583 8.51407611765e-17
3821.48813725 7.88174959805e-17
3823.67053866 6.76503483204e-17
3825.85294008 6.96709399228e-17
3828.0353415 8.61530457604e-17
3830.21774292 8.65398484991e-17
3832.40014434 7.37270539479e-17
3834.58254576 8.93338053828e-17
3836.76494718 9.63706461458e-17
3838.94734859 8.50640046064e-17
3841.12975001 7.67647911845e-17
3843.31215143 7.99581204513e-17
3845.49455285 8.19432321711e-17
3847.67695427 7.81709275303e-17
3849.85935569 8.67539992528e-17
3852.04175711 9.02420167981e-17
3854.22415853 8.21421259611e-17
3856.40655994 7.81414973938e-17
3858.58896136 8.08092668194e-17
3860.77136278 7.41760271717e-17
3862.9537642 7.1181331048e-17
3865.13616562 8.25508856621e-17
3867.31856704 8.00585773903e-17
3869.50096846 7.70096258379e-17
3871.68336987 8.84049020405e-17
3873.86577129 9.29391384311e-17
3876.04817271 8.07906459034e-17
3878.23057413 7.81282693675e-17
3880.41297555 8.27694475514e-17
3882.59537697 8.73331719899e-17
3884.77777839 7.66965145619e-17
3886.96017981 7.96035709394e-17
3889.14258122 8.15919488939e-17
3891.32498264 7.40374288859e-17
3893.50738406 8.20401642641e-17
3895.68978548 7.75231539392e-17
3897.8721869 7.98061395142e-17
3900.05458832 7.39068054647e-17
3902.23698974 8.24830545592e-17
3904.41939116 8.92291431832e-17
3906.60179257 8.68652921076e-17
3908.78419399 9.64355349486e-17
3910.96659541 8.64050883283e-17
3913.14899683 8.18685828445e-17
3915.33139825 8.35803466306e-17
3917.51379967 6.82640233282e-17
3919.69620109 6.74301164683e-17
3921.8786025 7.93336196798e-17
3924.06100392 7.31006902035e-17
3926.24340534 7.40835461494e-17
3928.42580676 7.8832614265e-17
3930.60820818 7.53496317829e-17
3932.7906096 7.77324139961e-17
3934.97301102 8.41760395291e-17
3937.15541244 8.24391649914e-17
3939.33781385 7.71432218756e-17
3941.52021527 8.09665434548e-17
3943.70261669 8.2388710529e-17
3945.88501811 7.86167295429e-17
3948.06741953 8.23689434754e-17
3950.24982095 9.05531223464e-17
3952.43222237 9.11417383592e-17
3954.61462378 8.99036974207e-17
3956.7970252 8.83036930089e-17
3958.97942662 8.17055145942e-17
3961.16182804 8.92232984702e-17
3963.34422946 8.80096607233e-17
3965.52663088 9.31731914888e-17
3967.7090323 9.83360724823e-17
3969.89143372 9.39131532495e-17
3972.07383513 8.75760780407e-17
3974.25623655 9.4745957115e-17
3976.43863797 8.69424387124e-17
3978.62103939 9.19059630023e-17
3980.80344081 8.91919685945e-17
3982.98584223 8.86288050399e-17
3985.16824365 9.2468349565e-17
3987.35064507 9.37695721633e-17
3989.53304648 9.37528126349e-17
3991.7154479 9.24842167218e-17
3993.89784932 8.90924572279e-17
3996.08025074 8.44379799082e-17
3998.26265216 8.56457850147e-17
4000.44505358 9.28799681533e-17
4002.627455 8.76199775343e-17
4004.80985641 8.39737102359e-17
4006.99225783 8.22011657636e-17
4009.17465925 8.0705066088e-17
4011.35706067 8.76995358439e-17
4013.53946209 8.43007902987e-17
4015.72186351 8.24360710262e-17
4017.90426493 8.67792917088e-17
4020.08666635 9.06436713197e-17
4022.26906776 1.01160022902e-16
4024.45146918 9.16390980521e-17
4026.6338706 9.00682464966e-17
4028.81627202 9.60440424962e-17
4030.99867344 8.96662040985e-17
4033.18107486 8.87411016103e-17
4035.36347628 8.84279136701e-17
4037.5458777 9.48477300381e-17
4039.72827911 9.87416258506e-17
4041.91068053 9.32111946824e-17
4044.09308195 9.19879242869e-17
4046.27548337 9.3285149438e-17
4048.45788479 8.9404693555e-17
4050.64028621 8.91278897008e-17
4052.82268763 8.80147977471e-17
4055.00508904 1.01225601497e-16
4057.18749046 9.90897460672e-17
4059.36989188 9.09387332749e-17
4061.5522933 7.85797498221e-17
4063.73469472 9.16945865113e-17
4065.91709614 9.98786762438e-17
4068.09949756 9.36395349191e-17
4070.28189898 8.547484212e-17
4072.46430039 8.70626303504e-17
4074.64670181 9.34281416509e-17
4076.82910323 8.26721300526e-17
4079.01150465 8.75247464895e-17
4081.19390607 9.56075926718e-17
4083.37630749 9.28052306739e-17
4085.55870891 8.99556833982e-17
4087.74111032 8.79430969693e-17
4089.92351174 9.59073790891e-17
4092.10591316 9.50379951949e-17
4094.28831458 9.12714737858e-17
4096.470716 9.84408827243e-17
4098.65311742 9.34470326818e-17
4100.83551884 8.13557796886e-17
4103.01792026 8.71912251879e-17
4105.20032167 9.40874393229e-17
4107.38272309 8.75491840381e-17
4109.56512451 8.58263819157e-17
4111.74752593 8.40489167497e-17
4113.92992735 8.03920916633e-17
4116.11232877 8.79253499016e-17
4118.29473019 8.52534541974e-17
4120.47713161 7.83513350925e-17
4122.65953302 8.39631812549e-17
4124.84193444 8.18547921341e-17
4127.02433586 8.6867743105e-17
4129.20673728 9.00795191712e-17
4131.3891387 9.34620347583e-17
4133.57154012 8.91195324897e-17
4135.75394154 8.97418697394e-17
4137.93634295 8.70643858202e-17
4140.11874437 8.49673663935e-17
4142.30114579 8.9583837408e-17
4144.48354721 8.42676145701e-17
4146.66594863 7.9030693667e-17
4148.84835005 8.79827402644e-17
4151.03075147 8.91056391806e-17
4153.21315289 9.57164702061e-17
4155.3955543 9.19793128244e-17
4157.57795572 9.57199684001e-17
4159.76035714 9.4955969628e-17
4161.94275856 8.92084013192e-17
4164.12515998 8.67378585994e-17
4166.3075614 8.83260582045e-17
4168.48996282 9.08985127811e-17
4170.67236423 8.40274301854e-17
4172.85476565 8.41060847154e-17
4175.03716707 8.84192042232e-17
4177.21956849 8.616501884e-17
4179.40196991 8.12777666961e-17
4181.58437133 9.0643973815e-17
4183.76677275 9.17240271295e-17
4185.94917417 9.47910618285e-17
4188.13157558 9.15845101212e-17
4190.313977 8.19582049838e-17
4192.49637842 8.28445675236e-17
4194.67877984 9.11195588356e-17
4196.86118126 8.59487627202e-17
4199.04358268 8.98429690698e-17
4201.2259841 9.08893361939e-17
4203.40838552 8.97596866876e-17
4205.59078693 8.41376611968e-17
4207.77318835 8.41518747087e-17
4209.95558977 8.33466269074e-17
4212.13799119 8.67569202921e-17
4214.32039261 7.3102026224e-17
4216.50279403 8.37002498695e-17
4218.68519545 8.10289041188e-17
4220.86759686 8.24763244833e-17
4223.04999828 7.61312666314e-17
4225.2323997 8.1004693023e-17
4227.41480112 7.97126754324e-17
4229.59720254 7.97008386909e-17
4231.77960396 7.68085128959e-17
4233.96200538 8.59911811464e-17
4236.1444068 8.45871463392e-17
4238.32680821 8.44173975692e-17
4240.50920963 8.27616078294e-17
4242.69161105 8.31818685643e-17
4244.87401247 8.67288861955e-17
4247.05641389 8.62246949206e-17
4249.23881531 7.86939179498e-17
4251.42121673 8.61393951641e-17
4253.60361814 7.66047743751e-17
4255.78601956 7.91490924867e-17
4257.96842098 8.6872413998e-17
4260.1508224 7.76052272469e-17
4262.33322382 8.18516023027e-17
4264.51562524 8.35319605268e-17
4266.69802666 8.00476715439e-17
4268.88042808 8.59382311738e-17
4271.06282949 8.25476433916e-17
4273.24523091 7.74868623957e-17
4275.42763233 7.61454428119e-17
4277.61003375 8.08495795419e-17
4279.79243517 9.09069569376e-17
4281.97483659 8.15792566154e-17
4284.15723801 7.60292725328e-17
4286.33963943 8.11245515172e-17
4288.52204084 7.65619787028e-17
4290.70444226 7.45201480605e-17
4292.88684368 7.81781237085e-17
4295.0692451 7.31168791195e-17
4297.25164652 7.81322288188e-17
4299.43404794 8.0708310203e-17
4301.61644936 8.81016557414e-17
4303.79885077 8.53926916921e-17
4305.98125219 8.10353615744e-17
4308.16365361 7.56706072974e-17
4310.34605503 7.98694627458e-17
4312.52845645 8.92836687528e-17
4314.71085787 9.00991544932e-17
4316.89325929 8.49474683238e-17
4319.07566071 8.12974344092e-17
4321.25806212 7.50910021678e-17
4323.44046354 8.31283178256e-17
4325.62286496 8.5476684224e-17
4327.80526638 7.96004694075e-17
4329.9876678 7.63830979514e-17
4332.17006922 8.26236989931e-17
4334.35247064 9.55705425425e-17
4336.53487206 1.03829471714e-16
4338.71727347 1.01780220328e-16
4340.89967489 1.01068715746e-16
4343.08207631 9.47332238836e-17
4345.26447773 8.09236000856e-17
4347.44687915 8.00310103708e-17
4349.62928057 8.8353463763e-17
4351.81168199 7.88870753333e-17
4353.9940834 7.70824757715e-17
4356.17648482 8.53927807535e-17
4358.35888624 8.94356544092e-17
4360.54128766 8.57500398678e-17
4362.72368908 8.30696367179e-17
4364.9060905 7.90740215451e-17
4367.08849192 8.76188381627e-17
4369.27089334 8.75488875126e-17
4371.45329475 8.31262821148e-17
4373.63569617 7.91111571315e-17
4375.81809759 8.42694571848e-17
4378.00049901 8.84973397526e-17
4380.18290043 8.94514680315e-17
4382.36530185 9.10646079773e-17
4384.54770327 8.47193301822e-17
4386.73010468 8.55862601659e-17
4388.9125061 8.57170515544e-17
4391.09490752 8.35384967103e-17
4393.27730894 8.33773043068e-17
4395.45971036 8.68789400107e-17
4397.64211178 7.87273521234e-17
4399.8245132 7.64446331834e-17
4402.00691462 8.88430576031e-17
4404.18931603 8.91759642568e-17
4406.37171745 8.46650315782e-17
4408.55411887 7.99798286114e-17
4410.73652029 7.91401126191e-17
4412.91892171 8.78172314362e-17
4415.10132313 8.98589126067e-17
4417.28372455 8.51504917427e-17
4419.46612597 8.50550060159e-17
4421.64852738 8.36702065462e-17
4423.8309288 8.22932850936e-17
4426.01333022 8.61118730987e-17
4428.19573164 8.78605742494e-17
4430.37813306 8.0142335342e-17
4432.56053448 7.95944683337e-17
4434.7429359 8.03402697544e-17
4436.92533731 8.42026541112e-17
4439.10773873 8.23041636679e-17
4441.29014015 7.93718104206e-17
4443.47254157 7.22328491598e-17
4445.65494299 8.77067147089e-17
4447.83734441 9.09766255085e-17
4450.01974583 8.1728661032e-17
4452.20214725 7.82667476891e-17
4454.38454866 8.14226084711e-17
4456.56695008 8.19791943757e-17
4458.7493515 8.81023369798e-17
4460.93175292 8.56541469442e-17
4463.11415434 8.44750897821e-17
4465.29655576 7.39425809646e-17
4467.47895718 7.54891030708e-17
4469.66135859 7.51932121273e-17
4471.84376001 7.58477220469e-17
4474.02616143 8.12623113502e-17
4476.20856285 7.4757971536e-17
4478.39096427 6.90782526656e-17
4480.57336569 7.45884871057e-17
4482.75576711 7.69125802547e-17
4484.93816853 7.97446647144e-17
4487.12056994 7.82681251552e-17
4489.30297136 8.19380754248e-17
4491.48537278 7.87425683642e-17
4493.6677742 7.44322800621e-17
4495.85017562 8.1260880658e-17
4498.03257704 8.0206316393e-17
4500.21497846 8.40413813613e-17
4502.39737988 8.1487883046e-17
4504.57978129 7.50652112676e-17
4506.76218271 7.35795884199e-17
4508.94458413 7.10145368151e-17
4511.12698555 8.04432883754e-17
4513.30938697 8.14660634807e-17
4515.49178839 8.73559734484e-17
4517.67418981 8.01234945618e-17
4519.85659122 7.87608937631e-17
4522.03899264 8.17990039186e-17
4524.22139406 7.51046949298e-17
4526.40379548 8.38431898841e-17
4528.5861969 8.60293922246e-17
4530.76859832 7.86945622905e-17
4532.95099974 7.83245711405e-17
4535.13340116 7.79842674769e-17
4537.31580257 7.71139718549e-17
4539.49820399 7.93025494096e-17
4541.68060541 8.07584402065e-17
4543.86300683 7.99985157625e-17
4546.04540825 7.02345900694e-17
4548.22780967 7.71859267617e-17
4550.41021109 8.29076229965e-17
4552.5926125 8.13538440079e-17
4554.77501392 8.01796127108e-17
4556.95741534 8.04863487165e-17
4559.13981676 7.96818987229e-17
4561.32221818 7.57886807566e-17
4563.5046196 7.58842977125e-17
4565.68702102 7.69250077292e-17
4567.86942244 6.8076863437e-17
4570.05182385 7.06939119911e-17
4572.23422527 8.40435353367e-17
4574.41662669 7.47359616387e-17
4576.59902811 7.5485709025e-17
4578.78142953 8.00213124253e-17
4580.96383095 8.01111705235e-17
4583.14623237 7.64396221921e-17
4585.32863379 7.52077209467e-17
4587.5110352 7.66907642664e-17
4589.69343662 7.54045499181e-17
4591.87583804 7.38097982038e-17
4594.05823946 7.65601255027e-17
4596.24064088 8.25536141148e-17
4598.4230423 7.89903837919e-17
4600.60544372 7.55464662737e-17
4602.78784513 7.66776246485e-17
4604.97024655 7.64508060548e-17
4607.15264797 7.89516958493e-17
4609.33504939 7.74583323582e-17
4611.51745081 7.43523553558e-17
4613.69985223 7.95325893898e-17
4615.88225365 7.76747568801e-17
4618.06465507 7.50517774005e-17
4620.24705648 7.60172508577e-17
4622.4294579 7.75802584992e-17
4624.61185932 7.40880162106e-17
4626.79426074 7.65048872477e-17
4628.97666216 8.37600979742e-17
4631.15906358 7.39932894499e-17
4633.341465 7.30450561783e-17
4635.52386641 7.85156025301e-17
4637.70626783 8.03266011254e-17
4639.88866925 8.0806499203e-17
4642.07107067 7.91615447852e-17
4644.25347209 7.78861607162e-17
4646.43587351 7.51846103417e-17
4648.61827493 7.47278888742e-17
4650.80067635 7.08291545939e-17
4652.98307776 6.9904703596e-17
4655.16547918 8.01862590386e-17
4657.3478806 7.53674725607e-17
4659.53028202 7.00075607752e-17
4661.71268344 7.5959057147e-17
4663.89508486 7.9291297789e-17
4666.07748628 7.24323261183e-17
4668.2598877 7.47458677742e-17
4670.44228911 7.74084745131e-17
4672.62469053 8.45813631676e-17
4674.80709195 8.34757733706e-17
4676.98949337 7.50749424165e-17
4679.17189479 7.86746237893e-17
4681.35429621 8.48694571541e-17
4683.53669763 7.86569563738e-17
4685.71909904 7.21184770438e-17
4687.90150046 7.42868283934e-17
4690.08390188 7.9618777332e-17
4692.2663033 7.82794853086e-17
4694.44870472 7.28603662116e-17
4696.63110614 7.94270173626e-17
4698.81350756 8.59238878601e-17
4700.99590898 8.05440554162e-17
4703.17831039 7.6379629056e-17
4705.36071181 7.88862241983e-17
4707.54311323 8.29297413658e-17
4709.72551465 8.29858442268e-17
4711.90791607 8.76366787323e-17
4714.09031749 9.11594608352e-17
4716.27271891 1.14155203445e-16
4718.45512033 1.33526664855e-16
4720.63752174 1.63958637661e-16
4722.81992316 1.64362469989e-16
4725.00232458 1.47701717539e-16
4727.184726 1.196779835e-16
4729.36712742 9.81700382126e-17
4731.54952884 7.68352758769e-17
4733.73193026 7.55494064866e-17
4735.91433167 8.05392562523e-17
4738.09673309 7.97580696189e-17
4740.27913451 7.85401583094e-17
4742.46153593 7.58976616468e-17
4744.64393735 7.504975195e-17
4746.82633877 7.49823087001e-17
4749.00874019 7.79041159919e-17
4751.19114161 7.09187349113e-17
4753.37354302 8.09730603133e-17
4755.55594444 9.03731308218e-17
4757.73834586 7.77772399764e-17
4759.92074728 8.94396921501e-17
4762.1031487 8.93305444289e-17
4764.28555012 8.26223827317e-17
4766.46795154 7.52296216158e-17
4768.65035295 7.98027821454e-17
4770.83275437 7.76560605971e-17
4773.01515579 7.74263250498e-17
4775.19755721 7.56847910636e-17
4777.37995863 7.69649596444e-17
4779.56236005 7.55178646063e-17
4781.74476147 7.11685945921e-17
4783.92716289 7.5621705386e-17
4786.1095643 7.89359693723e-17
4788.29196572 8.21605342334e-17
4790.47436714 7.87980904162e-17
4792.65676856 8.66612803311e-17
4794.83916998 8.39354966663e-17
4797.0215714 8.37943438033e-17
4799.20397282 8.83777546303e-17
4801.38637424 7.98452013769e-17
4803.56877565 7.38032194479e-17
4805.75117707 7.01108561586e-17
4807.93357849 7.04555891591e-17
4810.11597991 6.65422589905e-17
4812.29838133 6.78871921595e-17
4814.48078275 7.76347316943e-17
4816.66318417 7.76779073053e-17
4818.84558558 7.32466885127e-17
4821.027987 7.29805848047e-17
4823.21038842 7.65229152069e-17
4825.39278984 7.60493859583e-17
4827.57519126 8.46200736644e-17
4829.75759268 7.85699395034e-17
4831.9399941 7.59719592458e-17
4834.12239552 8.20032333189e-17
4836.30479693 7.96633404088e-17
4838.48719835 8.50561579031e-17
4840.66959977 8.36514284838e-17
4842.85200119 8.35634392247e-17
4845.03440261 7.74045890175e-17
4847.21680403 8.02597390178e-17
4849.39920545 8.01750404722e-17
4851.58160686 7.53963907344e-17
4853.76400828 7.58937763341e-17
4855.9464097 7.7557191578e-17
4858.12881112 7.45296314051e-17
4860.31121254 7.41190953928e-17
4862.49361396 7.66555618827e-17
4864.67601538 7.91919665243e-17
4866.8584168 8.62136935886e-17
4869.04081821 8.1982497948e-17
4871.22321963 8.54895535466e-17
4873.40562105 9.0871515201e-17
4875.58802247 8.36371550517e-17
4877.77042389 7.93398216086e-17
4879.95282531 7.86455142408e-17
4882.13522673 8.66773447717e-17
4884.31762815 9.16981921329e-17
4886.50002956 8.07002791414e-17
4888.68243098 7.9006077176e-17
4890.8648324 8.8586923028e-17
4893.04723382 9.00413730889e-17
4895.22963524 8.60748895424e-17
4897.41203666 9.5380989262e-17
4899.59443808 9.94551849257e-17
4901.77683949 9.39822848915e-17
4903.95924091 8.8096532903e-17
4906.14164233 8.83820131e-17
4908.32404375 8.83976446298e-17
4910.50644517 8.48782302414e-17
4912.68884659 8.26809474804e-17
4914.87124801 7.99036001267e-17
4917.05364943 7.48733662359e-17
4919.23605084 7.22667090182e-17
4921.41845226 7.6976594205e-17
4923.60085368 8.08781720768e-17
4925.7832551 8.05620199867e-17
4927.96565652 8.19887654695e-17
4930.14805794 8.3074497605e-17
4932.33045936 8.55619405657e-17
4934.51286077 8.7073438643e-17
4936.69526219 8.17068979009e-17
4938.87766361 8.13578203672e-17
4941.06006503 8.44103412216e-17
4943.24246645 7.66637402977e-17
4945.42486787 7.42231355168e-17
4947.60726929 7.42533266868e-17
4949.78967071 8.23391657048e-17
4951.97207212 8.8156549385e-17
4954.15447354 8.09885284551e-17
4956.33687496 7.84754366383e-17
4958.51927638 7.5566811723e-17
4960.7016778 7.62078159852e-17
4962.88407922 7.97704701156e-17
4965.06648064 7.99429059072e-17
4967.24888206 8.68485507889e-17
4969.43128347 8.52821797711e-17
4971.61368489 7.50775509706e-17
4973.79608631 7.46260407336e-17
4975.97848773 8.16963110209e-17
4978.16088915 7.62137727816e-17
4980.34329057 7.20658741488e-17
4982.52569199 7.01169246612e-17
4984.7080934 7.93488077542e-17
4986.89049482 8.55238847384e-17
4989.07289624 8.32349602965e-17
4991.25529766 7.89301306668e-17
4993.43769908 8.33566589434e-17
4995.6201005 8.30080534212e-17
4997.80250192 8.15012880167e-17
4999.98490334 8.18815340888e-17
5002.16730475 8.38694640574e-17
5004.34970617 8.30661693188e-17
5006.53210759 8.01238881937e-17
5008.71450901 8.05567170024e-17
5010.89691043 7.65563316456e-17
5013.07931185 8.06158411561e-17
5015.26171327 7.61478353131e-17
5017.44411469 7.42901147234e-17
5019.6265161 7.94775340718e-17
5021.80891752 8.03064301272e-17
5023.99131894 7.75068601354e-17
5026.17372036 8.89782771066e-17
5028.35612178 8.19509158827e-17
5030.5385232 7.66344859306e-17
5032.72092462 7.85330262534e-17
5034.90332603 8.09050899027e-17
5037.08572745 7.53265184118e-17
5039.26812887 7.84121562446e-17
5041.45053029 7.57730316369e-17
5043.63293171 7.92478427736e-17
5045.81533313 8.26982882933e-17
5047.99773455 8.35590633512e-17
5050.18013597 8.49140298518e-17
5052.36253738 8.10130656689e-17
5054.5449388 7.34698847081e-17
5056.72734022 6.77568463273e-17
5058.90974164 6.85392963809e-17
5061.09214306 6.97292068794e-17
5063.27454448 7.50527818177e-17
5065.4569459 7.32493019789e-17
5067.63934731 7.76029160858e-17
5069.82174873 7.22750219013e-17
5072.00415015 7.29167438674e-17
5074.18655157 7.05515401258e-17
5076.36895299 7.25979448658e-17
5078.55135441 7.03047629696e-17
5080.73375583 7.29520949795e-17
5082.91615725 7.76794853668e-17
5085.09855866 8.13135168181e-17
5087.28096008 7.35855476772e-17
5089.4633615 7.13495210947e-17
5091.64576292 7.37785040349e-17
5093.82816434 8.31231640287e-17
5096.01056576 7.97959355077e-17
5098.19296718 7.64462596104e-17
5100.3753686 7.58245809312e-17
5102.55777001 7.92126970736e-17
5104.74017143 7.56410102015e-17
5106.92257285 7.83244411189e-17
5109.10497427 7.86490208219e-17
5111.28737569 7.54554302964e-17
5113.46977711 7.24379588964e-17
5115.65217853 6.9526509924e-17
5117.83457994 8.01427636766e-17
5120.01698136 7.97259035043e-17
5122.19938278 7.2614463832e-17
5124.3817842 7.10028318201e-17
5126.56418562 7.26053352636e-17
5128.74658704 7.5952805276e-17
5130.92898846 7.79231233864e-17
5133.11138988 7.78741083975e-17
5135.29379129 7.84377413685e-17
5137.47619271 8.14223670056e-17
5139.65859413 7.55885596387e-17
5141.84099555 7.69037880401e-17
5144.02339697 7.69500654299e-17
5146.20579839 7.7473748296e-17
5148.38819981 7.94895641262e-17
5150.57060122 7.85859895828e-17
5152.75300264 8.1177022987e-17
5154.93540406 7.93896855991e-17
5157.11780548 8.58358401558e-17
5159.3002069 8.03461892623e-17
5161.48260832 7.95773367917e-17
5163.66500974 7.70838936944e-17
5165.84741116 7.84131589599e-17
5168.02981257 7.96919629082e-17
5170.21221399 8.14691838821e-17
5172.39461541 8.51693349265e-17
5174.57701683 8.55403121366e-17
5176.75941825 8.4162847935e-17
5178.94181967 8.73281228794e-17
5181.12422109 9.17830505033e-17
5183.30662251 9.24714649985e-17
5185.48902392 9.75260636808e-17
5187.67142534 9.04325562122e-17
5189.85382676 8.91601237202e-17
5192.03622818 9.69462556981e-17
5194.2186296 9.76578886169e-17
5196.40103102 9.57465507499e-17
5198.58343244 9.91159234132e-17
5200.76583385 9.78971107045e-17
5202.94823527 9.53001783547e-17
5205.13063669 9.18895614892e-17
5207.31303811 8.70416879596e-17
5209.49543953 8.50617287957e-17
5211.67784095 8.40827221465e-17
5213.86024237 8.44965717498e-17
5216.04264379 8.24750826195e-17
5218.2250452 8.51243656695e-17
5220.40744662 8.24568263524e-17
5222.58984804 7.92600847618e-17
5224.77224946 8.13372230204e-17
5226.95465088 8.28750905556e-17
5229.1370523 7.44301196291e-17
5231.31945372 7.82208527297e-17
5233.50185513 7.88090689573e-17
5235.68425655 7.61384376757e-17
5237.86665797 7.82538909019e-17
5240.04905939 7.75722707202e-17
5242.23146081 8.23344453044e-17
5244.41386223 8.07031763581e-17
5246.59626365 7.6369227692e-17
5248.77866507 7.57015371275e-17
5250.96106648 7.07756111236e-17
5253.1434679 7.01716505107e-17
5255.32586932 7.11389900261e-17
5257.50827074 7.22709551172e-17
5259.69067216 7.05113141977e-17
5261.87307358 7.26127883026e-17
5264.055475 7.50594722883e-17
5266.23787642 7.03041492603e-17
5268.42027783 7.33678100559e-17
5270.60267925 7.39912802776e-17
5272.78508067 7.42646518007e-17
5274.96748209 7.41654771851e-17
5277.14988351 7.34144650293e-17
5279.33228493 7.93659560895e-17
5281.51468635 8.18126496198e-17
5283.69708776 7.80300971322e-17
5285.87948918 7.87530303384e-17
5288.0618906 8.44697576018e-17
5290.24429202 8.7339655432e-17
5292.42669344 8.61772352859e-17
5294.60909486 8.4262039797e-17
5296.79149628 7.79264155115e-17
5298.9738977 7.95578264236e-17
5301.15629911 7.92217916175e-17
5303.33870053 7.98162839412e-17
5305.52110195 7.68671255395e-17
5307.70350337 7.30588248904e-17
5309.88590479 7.78228976982e-17
5312.06830621 7.66326272857e-17
5314.25070763 7.28168859246e-17
5316.43310904 7.07207415573e-17
5318.61551046 7.59358855228e-17
5320.79791188 7.67158679354e-17
5322.9803133 6.90624120187e-17
5325.16271472 7.37953738041e-17
5327.34511614 7.74716489879e-17
5329.52751756 7.17204777548e-17
5331.70991898 7.35447890695e-17
5333.89232039 7.32868751155e-17
5336.07472181 7.52624851507e-17
5338.25712323 7.55035661644e-17
5340.43952465 7.2893909402e-17
5342.62192607 7.45951071097e-17
5344.80432749 7.6864664202e-17
5346.98672891 7.40397045062e-17
5349.16913033 7.92318321905e-17
5351.35153174 8.06497649772e-17
5353.53393316 7.51966163378e-17
5355.71633458 7.51424728552e-17
5357.898736 7.45332911063e-17
5360.08113742 7.46039964425e-17
5362.26353884 7.63610703911e-17
5364.44594026 7.99975258146e-17
5366.62834167 7.71242575656e-17
5368.81074309 7.7808236945e-17
5370.99314451 7.8503073872e-17
5373.17554593 7.8523323715e-17
5375.35794735 8.58948928335e-17
5377.54034877 7.80612611219e-17
5379.72275019 8.17692193484e-17
5381.90515161 8.44359129393e-17
5384.08755302 8.19297950665e-17
5386.26995444 8.00146609967e-17
5388.45235586 8.18633509268e-17
5390.63475728 7.76604870831e-17
5392.8171587 7.97704368464e-17
5394.99956012 7.75579871895e-17
5397.18196154 7.2693984111e-17
5399.36436296 7.62959259863e-17
5401.54676437 6.9760334328e-17
5403.72916579 8.21884410289e-17
5405.91156721 8.09284231182e-17
5408.09396863 7.8153400182e-17
5410.27637005 7.77798677481e-17
5412.45877147 7.63215310848e-17
5414.64117289 7.76051370781e-17
5416.8235743 7.74166612261e-17
5419.00597572 8.06466253324e-17
5421.18837714 7.98879463239e-17
5423.37077856 8.64824949865e-17
5425.55317998 7.97288455591e-17
5427.7355814 8.3342455125e-17
5429.91798282 8.37506547687e-17
5432.10038424 7.77441445914e-17
5434.28278565 7.75227671076e-17
5436.46518707 8.72003876051e-17
5438.64758849 8.05445807451e-17
5440.82998991 8.00203673713e-17
5443.01239133 8.77839022337e-17
5445.19479275 8.71667717765e-17
5447.37719417 8.2161008236e-17
5449.55959558 8.8403711968e-17
5451.741997 8.08174315847e-17
5453.92439842 8.08022035226e-17
5456.10679984 8.96582558976e-17
5458.28920126 8.64419572438e-17
5460.47160268 8.1038938922e-17
5462.6540041 7.94528896476e-17
5464.83640552 8.57191942951e-17
5467.01880693 8.7616620981e-17
5469.20120835 9.06090841381e-17
5471.38360977 9.39064599094e-17
5473.56601119 8.44136983394e-17
5475.74841261 8.97979587427e-17
5477.93081403 8.88469737079e-17
5480.11321545 9.50230730896e-17
5482.29561687 9.40390423496e-17
5484.47801828 9.66371204496e-17
5486.6604197 1.02738188485e-16
5488.84282112 1.01847253456e-16
5491.02522254 1.03092503694e-16
5493.20762396 1.07457083776e-16
5495.39002538 1.17606967353e-16
5497.5724268 1.25269773537e-16
5499.75482821 1.24268691407e-16
5501.93722963 1.17675063651e-16
5504.11963105 1.17776499065e-16
5506.30203247 1.16697049325e-16
5508.48443389 1.06021013974e-16
5510.66683531 1.04314221084e-16
5512.84923673 1.06516653156e-16
5515.03163815 9.77477431111e-17
5517.21403956 1.06231292182e-16
5519.39644098 9.60502580243e-17
5521.5788424 9.71484461868e-17
5523.76124382 9.95445738836e-17
5525.94364524 9.79347311017e-17
5528.12604666 9.97742140254e-17
5530.30844808 8.84599819871e-17
5532.49084949 8.00824274766e-17
5534.67325091 8.75091724326e-17
5536.85565233 7.90468043933e-17
5539.03805375 8.61835958273e-17
5541.22045517 8.23517405233e-17
5543.40285659 8.90837015154e-17
5545.58525801 8.7741997256e-17
5547.76765943 7.83443517692e-17
5549.95006084 8.13961135933e-17
5552.13246226 7.89667565417e-17
5554.31486368 8.1304366737e-17
5556.4972651 8.45217841497e-17
5558.67966652 7.67111481398e-17
5560.86206794 8.12615233004e-17
5563.04446936 8.73990617158e-17
5565.22687078 8.36055975283e-17
5567.40927219 7.608205586e-17
5569.59167361 7.89612122202e-17
5571.77407503 7.40303735424e-17
5573.95647645 8.08128411828e-17
5576.13887787 8.15513955171e-17
5578.32127929 9.36315120274e-17
5580.50368071 8.34718789987e-17
5582.68608212 7.06650685561e-17
5584.86848354 7.80790640766e-17
5587.05088496 8.23891080225e-17
5589.23328638 7.66174676959e-17
5591.4156878 8.45442567453e-17
5593.59808922 6.84567720595e-17
5595.78049064 6.9970839803e-17
5597.96289206 7.75088882162e-17
5600.14529347 7.87986770736e-17
5602.32769489 8.04632313719e-17
5604.51009631 7.82553185154e-17
5606.69249773 7.05303700316e-17
5608.87489915 6.93228545639e-17
5611.05730057 6.89469475779e-17
5613.23970199 6.48083978166e-17
5615.4221034 6.48843002795e-17
5617.60450482 6.69971410835e-17
5619.78690624 7.2351967694e-17
5621.96930766 7.17627017931e-17
5624.15170908 6.76950112312e-17
5626.3341105 6.80285286681e-17
5628.51651192 6.84129188375e-17
5630.69891334 6.89119427916e-17
5632.88131475 7.26004302672e-17
5635.06371617 7.66777617359e-17
5637.24611759 7.168671241e-17
5639.42851901 7.06664139659e-17
5641.61092043 7.30873108914e-17
5643.79332185 7.98673386865e-17
5645.97572327 7.83708569067e-17
5648.15812469 7.64698273203e-17
5650.3405261 7.59103422907e-17
5652.52292752 8.08179515013e-17
5654.70532894 8.16970373895e-17
5656.88773036 7.73331190409e-17
5659.07013178 7.61688815509e-17
5661.2525332 7.41244967174e-17
5663.43493462 7.66176191519e-17
5665.61733603 8.12881533432e-17
5667.79973745 8.01202725418e-17
5669.98213887 8.0564419694e-17
5672.16454029 7.78008639204e-17
5674.34694171 7.66343049953e-17
5676.52934313 8.22845081155e-17
5678.71174455 8.23148551972e-17
5680.89414597 7.64597847895e-17
5683.07654738 7.77724686617e-17
5685.2589488 8.37410101906e-17
5687.44135022 7.98710543791e-17
5689.62375164 8.06480528015e-17
5691.80615306 7.75135401905e-17
5693.98855448 7.7569793017e-17
5696.1709559 8.48617659861e-17
5698.35335732 8.08121805853e-17
5700.53575873 7.56907600906e-17
5702.71816015 7.61745648427e-17
5704.90056157 7.85193962535e-17
5707.08296299 8.06043755878e-17
5709.26536441 7.92781993439e-17
5711.44776583 8.1334933687e-17
5713.63016725 8.42450635268e-17
5715.81256866 8.32898761659e-17
5717.99497008 8.27816567741e-17
5720.1773715 8.17600867062e-17
5722.35977292 8.21098533294e-17
5724.54217434 8.28349388372e-17
5726.72457576 8.13398866075e-17
5728.90697718 7.89107955392e-17
5731.0893786 7.88367934571e-17
5733.27178001 8.25667814938e-17
5735.45418143 8.40075847111e-17
5737.63658285 8.00390792627e-17
5739.81898427 8.02780730264e-17
5742.00138569 8.28475878049e-17
5744.18378711 8.12436766571e-17
5746.36618853 7.8006503968e-17
5748.54858994 7.59798689775e-17
5750.73099136 8.19935736362e-17
5752.91339278 8.16134264887e-17
5755.0957942 8.272096548e-17
5757.27819562 8.5240104045e-17
5759.46059704 8.20698137578e-17
5761.64299846 7.89941958061e-17
5763.82539988 7.95517431118e-17
5766.00780129 8.14296455597e-17
5768.19020271 8.09593854791e-17
5770.37260413 8.26855834501e-17
5772.55500555 8.51626371082e-17
5774.73740697 8.21035461594e-17
5776.91980839 7.83218996053e-17
5779.10220981 8.06986071129e-17
5781.28461123 8.51728529614e-17
5783.46701264 8.80871744338e-17
5785.64941406 8.56120406634e-17
5787.83181548 8.16557983653e-17
5790.0142169 8.25786593446e-17
5792.19661832 8.56058609689e-17
5794.37901974 8.52218919906e-17
5796.56142116 8.35592981012e-17
5798.74382257 8.49326514267e-17
5800.92622399 8.47789860374e-17
5803.10862541 8.45701068229e-17
5805.29102683 7.80723594246e-17
5807.47342825 8.02933264453e-17
5809.65582967 8.45778883192e-17
5811.83823109 8.00735288592e-17
5814.02063251 8.11167606349e-17
5816.20303392 7.76044997703e-17
5818.38543534 8.04521665939e-17
5820.56783676 8.13164178321e-17
5822.75023818 7.66454005282e-17
5824.9326396 7.8654880182e-17
5827.11504102 7.35512541615e-17
5829.29744244 7.0006605881e-17
5831.47984385 7.50165501144e-17
5833.66224527 7.4793842473e-17
5835.84464669 7.5493312297e-17
5838.02704811 7.18024730741e-17
5840.20944953 7.16685951896e-17
5842.39185095 7.89851134062e-17
5844.57425237 7.52524036495e-17
5846.75665379 7.02294856401e-17
5848.9390552 7.05079321161e-17
5851.12145662 7.45597633015e-17
5853.30385804 6.98024081132e-17
5855.48625946 7.80565778358e-17
5857.66866088 8.55447680509e-17
5859.8510623 7.97583419279e-17
5862.03346372 7.73471655465e-17
5864.21586514 8.1082883278e-17
5866.39826655 8.36119822042e-17
5868.58066797 8.1724545707e-17
5870.76306939 8.27631440918e-17
5872.94547081 8.07532987564e-17
5875.12787223 7.92294910113e-17
5877.31027365 7.95114560657e-17
5879.49267507 8.04303730799e-17
5881.67507648 7.44752629273e-17
5883.8574779 7.40702444058e-17
5886.03987932 7.47073103836e-17
5888.22228074 7.63032221925e-17
5890.40468216 7.40617356329e-17
5892.58708358 7.76859953103e-17
5894.769485 7.84466516268e-17
5896.95188642 7.51654869649e-17
5899.13428783 6.87602138268e-17
5901.31668925 7.31782816518e-17
5903.49909067 8.08154891519e-17
5905.68149209 7.24960219376e-17
5907.86389351 6.79351471973e-17
5910.04629493 7.28330944682e-17
5912.22869635 7.27463863096e-17
5914.41109776 6.284479273e-17
5916.59349918 7.16517276796e-17
5918.7759006 7.82703343283e-17
5920.95830202 7.16338481257e-17
5923.14070344 7.23904527633e-17
5925.32310486 7.42426473133e-17
5927.50550628 7.18984659617e-17
5929.6879077 7.27780973182e-17
5931.87030911 7.80683275786e-17
5934.05271053 7.59011408497e-17
5936.23511195 7.20288032012e-17
5938.41751337 7.10960407335e-17
5940.59991479 7.20670956004e-17
5942.78231621 6.94625571816e-17
5944.96471763 6.54030868544e-17
5947.14711905 6.47134067727e-17
5949.32952046 6.44172762971e-17
5951.51192188 7.07400442455e-17
5953.6943233 6.88081829004e-17
5955.87672472 6.37378037854e-17
5958.05912614 7.07747098853e-17
5960.24152756 7.07062243752e-17
5962.42392898 6.37846134698e-17
5964.60633039 6.58029694806e-17
5966.78873181 6.81611309066e-17
5968.97113323 6.63722897965e-17
5971.15353465 6.75250998598e-17
5973.33593607 6.94320096654e-17
5975.51833749 7.06850517056e-17
5977.70073891 7.6879575113e-17
5979.88314033 6.67085298231e-17
5982.06554174 6.81683583111e-17
5984.24794316 6.66251812993e-17
5986.43034458 6.50201597e-17
5988.612746 6.86916052126e-17
5990.79514742 6.33557993207e-17
5992.97754884 6.54445707199e-17
5995.15995026 6.81650367704e-17
5997.34235167 6.53976801461e-17
5999.52475309 6.47788788191e-17
6001.70715451 6.87704029673e-17
6003.88955593 6.72057144736e-17
6006.07195735 6.91387263994e-17
6008.25435877 6.92641366717e-17
6010.43676019 6.34488173597e-17
6012.61916161 6.16981927736e-17
6014.80156302 6.35234747036e-17
6016.98396444 6.71861800913e-17
6019.16636586 6.87727254299e-17
6021.34876728 6.53580995964e-17
6023.5311687 7.07697116664e-17
6025.71357012 6.5564505964e-17
6027.89597154 6.435337444e-17
6030.07837296 5.82801923635e-17
6032.26077437 5.89047957177e-17
6034.44317579 6.3569917735e-17
6036.62557721 6.38831277373e-17
6038.80797863 6.43056029959e-17
6040.99038005 6.61038007811e-17
6043.17278147 6.78215188564e-17
6045.35518289 7.13792558242e-17
6047.5375843 6.84481592755e-17
6049.71998572 6.60255719516e-17
6051.90238714 6.53067920121e-17
6054.08478856 5.99192777007e-17
6056.26718998 6.37123361773e-17
6058.4495914 6.52345926849e-17
6060.63199282 6.1504577412e-17
6062.81439424 6.28744599509e-17
6064.99679565 6.7246859728e-17
6067.17919707 6.88647027693e-17
6069.36159849 6.73176124685e-17
6071.54399991 6.43690643348e-17
6073.72640133 6.38522399257e-17
6075.90880275 6.90166375619e-17
6078.09120417 6.89793929132e-17
6080.27360559 6.63547461574e-17
6082.456007 6.95383103552e-17
6084.63840842 6.41201805253e-17
6086.82080984 6.57004267436e-17
6089.00321126 6.62474616067e-17
6091.18561268 6.59977827797e-17
6093.3680141 6.67998784662e-17
6095.55041552 7.50551061209e-17
6097.73281693 7.50212856096e-17
6099.91521835 7.45433175081e-17
6102.09761977 7.4958912876e-17
6104.28002119 7.4590195809e-17
6106.46242261 7.78529042245e-17
6108.64482403 7.81732734158e-17
6110.82722545 8.34942423207e-17
6113.00962687 8.51069906357e-17
6115.19202828 8.67524018064e-17
6117.3744297 8.85301723534e-17
6119.55683112 9.36169177528e-17
6121.73923254 9.70900152501e-17
6123.92163396 9.58912119854e-17
6126.10403538 1.02858027513e-16
6128.2864368 1.01931341363e-16
6130.46883821 1.04194470021e-16
6132.65123963 1.09398224569e-16
6134.83364105 1.13000422837e-16
6137.01604247 1.19253236336e-16
6139.19844389 1.22346321672e-16
6141.38084531 1.2340689001e-16
6143.56324673 1.31011274588e-16
6145.74564815 1.32587431544e-16
6147.92804956 1.44413182197e-16
6150.11045098 1.59877529931e-16
6152.2928524 1.79589962713e-16
6154.47525382 1.97210673567e-16
6156.65765524 2.09405761763e-16
6158.84005666 2.21060337173e-16
6161.02245808 2.14385583401e-16
6163.2048595 1.91740506536e-16
6165.38726091 1.70117069506e-16
6167.56966233 1.57918946555e-16
6169.75206375 1.43515005483e-16
6171.93446517 1.37484474689e-16
6174.11686659 1.29496192292e-16
6176.29926801 1.26414989476e-16
6178.48166943 1.19870936587e-16
6180.66407084 1.12838256595e-16
6182.84647226 1.10063871741e-16
6185.02887368 1.04773857181e-16
6187.2112751 9.94460032216e-17
6189.39367652 9.49382288289e-17
6191.57607794 9.24568717906e-17
6193.75847936 8.86859503781e-17
6195.94088078 9.32123880556e-17
6198.12328219 9.06378644409e-17
6200.30568361 8.30681548342e-17
6202.48808503 8.18085413417e-17
6204.67048645 7.84981503797e-17
6206.85288787 7.75572696798e-17
6209.03528929 7.7419875823e-17
6211.21769071 7.33107802242e-17
6213.40009212 7.43746781278e-17
6215.58249354 7.63055503559e-17
6217.76489496 6.84374767021e-17
6219.94729638 7.21848834964e-17
6222.1296978 7.74176959487e-17
6224.31209922 7.39393892339e-17
6226.49450064 7.20430625655e-17
6228.67690206 7.45143086453e-17
6230.85930347 7.89627793089e-17
6233.04170489 7.8620803283e-17
6235.22410631 7.73422120459e-17
6237.40650773 7.81674070581e-17
6239.58890915 7.62395234064e-17
6241.77131057 6.99685745211e-17
6243.95371199 6.7065391031e-17
6246.13611341 7.3403943046e-17
6248.31851482 7.24766014012e-17
6250.50091624 6.90433784642e-17
6252.68331766 6.56859427094e-17
6254.86571908 6.05682045775e-17
6257.0481205 6.72736650768e-17
6259.23052192 6.22436596214e-17
6261.41292334 6.03466626931e-17
6263.59532475 6.9146701182e-17
6265.77772617 6.75504951996e-17
6267.96012759 6.67961310701e-17
6270.14252901 6.43694382396e-17
6272.32493043 6.46213436999e-17
6274.50733185 6.61532041182e-17
6276.68973327 6.98123362029e-17
6278.87213469 6.75512129778e-17
6281.0545361 7.05395355073e-17
6283.23693752 7.44436611298e-17
6285.41933894 7.00042744383e-17
6287.60174036 6.25934454182e-17
6289.78414178 6.2069731077e-17
6291.9665432 6.03847349901e-17
6294.14894462 5.77354790202e-17
6296.33134603 6.08901588085e-17
6298.51374745 5.96580326438e-17
6300.69614887 5.80248887124e-17
6302.87855029 6.40708482337e-17
6305.06095171 6.07180866867e-17
6307.24335313 5.88916518283e-17
6309.42575455 5.98377664861e-17
6311.60815597 6.01953418611e-17
6313.79055738 6.15842061176e-17
6315.9729588 6.3904339727e-17
6318.15536022 6.67422845118e-17
6320.33776164 7.04453553821e-17
6322.52016306 6.89553854823e-17
6324.70256448 6.70171854718e-17
6326.8849659 6.85375334494e-17
6329.06736732 6.76215988336e-17
6331.24976873 7.18596145467e-17
6333.43217015 8.14696707438e-17
6335.61457157 9.16672351284e-17
6337.79697299 1.0018709093e-16
6339.97937441 9.93607537889e-17
6342.16177583 1.04644758247e-16
6344.34417725 1.09150394677e-16
6346.52657866 1.01006009758e-16
6348.70898008 8.70651148942e-17
6350.8913815 7.77925774688e-17
6353.07378292 6.96935435652e-17
6355.25618434 6.94321703141e-17
6357.43858576 7.3240358534e-17
6359.62098718 7.08244684366e-17
6361.8033886 7.45555859484e-17
6363.98579001 7.37149259101e-17
6366.16819143 6.70473074683e-17
6368.35059285 6.8804944702e-17
6370.53299427 7.02244111308e-17
6372.71539569 6.83976786404e-17
6374.89779711 6.68467698338e-17
6377.08019853 6.59786768428e-17
6379.26259995 6.86404398499e-17
6381.44500136 6.70368908095e-17
6383.62740278 6.42073688355e-17
6385.8098042 6.79755716866e-17
6387.99220562 6.80961714373e-17
6390.17460704 6.56842402319e-17
6392.35700846 5.90769845084e-17
6394.53940988 5.84497630623e-17
6396.72181129 5.96349413971e-17
6398.90421271 5.47576354322e-17
6401.08661413 5.88580509616e-17
6403.26901555 5.57381350668e-17
6405.45141697 5.65431344609e-17
6407.63381839 6.07990130624e-17
6409.81621981 6.09546613579e-17
6411.99862123 5.90746445586e-17
6414.18102264 5.66861241022e-17
6416.36342406 5.73908767599e-17
6418.54582548 5.86798524175e-17
6420.7282269 5.63655504178e-17
6422.91062832 5.92403509333e-17
6425.09302974 6.28580433009e-17
6427.27543116 5.7702739097e-17
6429.45783257 5.44987543317e-17
6431.64023399 5.45407055601e-17
6433.82263541 5.78986605763e-17
6436.00503683 5.73335966198e-17
6438.18743825 5.66783022408e-17
6440.36983967 5.45013075368e-17
6442.55224109 5.27810801512e-17
6444.73464251 5.60459981666e-17
6446.91704392 5.73496274277e-17
6449.09944534 5.63167056139e-17
6451.28184676 5.63295834455e-17
6453.46424818 5.43599372885e-17
6455.6466496 5.83833194556e-17
6457.82905102 5.99335881289e-17
6460.01145244 5.24238177984e-17
6462.19385386 5.25376153961e-17
6464.37625527 5.65107521721e-17
6466.55865669 5.58761406171e-17
6468.74105811 5.3998492609e-17
6470.92345953 5.40956005301e-17
6473.10586095 5.76676286779e-17
6475.28826237 5.7649187264e-17
6477.47066379 5.8851690192e-17
6479.6530652 6.22847957414e-17
6481.83546662 5.6098109769e-17
6484.01786804 5.71628294808e-17
6486.20026946 5.83270138196e-17
6488.38267088 5.50335154508e-17
6490.5650723 5.83173043552e-17
6492.74747372 5.95132070818e-17
6494.92987514 5.59960074313e-17
6497.11227655 5.64327608434e-17
6499.29467797 5.85745320064e-17
6501.47707939 5.99824322772e-17
6503.65948081 6.03259147457e-17
6505.84188223 6.09805755581e-17
6508.02428365 5.92613628503e-17
6510.20668507 6.31345714533e-17
6512.38908648 5.95038206698e-17
6514.5714879 6.02470756979e-17
6516.75388932 6.52009907496e-17
6518.93629074 6.21545057559e-17
6521.11869216 6.19906793834e-17
6523.30109358 6.69274511174e-17
6525.483495 7.05976033321e-17
6527.66589642 6.67114678028e-17
6529.84829783 6.70632777305e-17
6532.03069925 7.37709937499e-17
6534.21310067 6.98409143809e-17
6536.39550209 6.40752983234e-17
6538.57790351 7.24543432562e-17
6540.76030493 7.34047576711e-17
6542.94270635 7.48515193881e-17
6545.12510777 6.91614840413e-17
6547.30750918 6.83863243154e-17
6549.4899106 6.58707536226e-17
6551.67231202 6.57195889725e-17
6553.85471344 6.56017580288e-17
6556.03711486 6.99890217433e-17
6558.21951628 7.05104846398e-17
6560.4019177 7.29299896855e-17
6562.58431911 6.36523572886e-17
6564.76672053 7.06104307331e-17
6566.94912195 7.21724169538e-17
6569.13152337 7.14300628999e-17
6571.31392479 6.811565644e-17
6573.49632621 6.78069578827e-17
6575.67872763 6.73627306785e-17
6577.86112905 6.66951995396e-17
6580.04353046 6.89704089027e-17
6582.22593188 6.61696485072e-17
6584.4083333 6.58379894512e-17
6586.59073472 6.89836505534e-17
6588.77313614 6.9251568433e-17
6590.95553756 6.92421261327e-17
6593.13793898 6.4650187789e-17
6595.32034039 6.3103618432e-17
6597.50274181 5.63501915964e-17
6599.68514323 6.24321026335e-17
6601.86754465 6.58837271206e-17
6604.04994607 6.15833823818e-17
6606.23234749 6.31156194444e-17
6608.41474891 6.01777277692e-17
6610.59715033 6.21850644667e-17
6612.77955174 6.07632466594e-17
6614.96195316 6.122400959e-17
6617.14435458 6.1648889086e-17
6619.326756 6.16720975657e-17
6621.50915742 6.48401891838e-17
6623.69155884 6.28786770707e-17
6625.87396026 6.44839622222e-17
6628.05636168 6.42971464903e-17
6630.23876309 6.65662732312e-17
6632.42116451 6.38428212848e-17
6634.60356593 6.04641824138e-17
6636.78596735 6.40399102888e-17
6638.96836877 6.81287866386e-17
6641.15077019 6.58206582809e-17
6643.33317161 6.43073457851e-17
6645.51557302 6.66793986506e-17
6647.69797444 6.71162306797e-17
6649.88037586 6.04426502857e-17
6652.06277728 6.08620617272e-17
6654.2451787 6.29491222737e-17
6656.42758012 6.59632251487e-17
6658.60998154 6.9504422734e-17
6660.79238296 6.65516219911e-17
6662.97478437 6.53764225707e-17
6665.15718579 6.62942211044e-17
6667.33958721 6.64346637182e-17
6669.52198863 6.7007910788e-17
6671.70439005 6.91879220938e-17
6673.88679147 6.76402219043e-17
6676.06919289 6.86803566395e-17
6678.2515943 7.10045235902e-17
6680.43399572 6.85997827653e-17
6682.61639714 6.77521537731e-17
6684.79879856 6.85765421494e-17
6686.98119998 6.66298563198e-17
6689.1636014 6.58855002584e-17
6691.34600282 6.90744337984e-17
6693.52840424 6.94089100615e-17
6695.71080565 6.29762792705e-17
6697.89320707 6.83770938449e-17
6700.07560849 7.1041691568e-17
6702.25800991 6.82377735309e-17
6704.44041133 6.52729626669e-17
6706.62281275 6.8699506907e-17
6708.80521417 6.5800776283e-17
6710.98761559 6.57755227276e-17
6713.170017 6.50750981506e-17
6715.35241842 6.58451458249e-17
6717.53481984 6.74385980841e-17
6719.71722126 6.53399080098e-17
6721.89962268 6.66732420927e-17
6724.0820241 6.87543260517e-17
6726.26442552 6.76692376063e-17
6728.44682693 6.71091809009e-17
6730.62922835 6.81139300459e-17
6732.81162977 7.09452829063e-17
6734.99403119 7.18881913313e-17
6737.17643261 7.21980813214e-17
6739.35883403 6.81234725192e-17
6741.54123545 6.69316033308e-17
6743.72363687 6.63954938095e-17
6745.90603828 6.4094726458e-17
6748.0884397 6.78949228181e-17
6750.27084112 6.30059335128e-17
6752.45324254 6.06551541946e-17
6754.63564396 6.48894566162e-17
6756.81804538 6.66884057659e-17
6759.0004468 6.07457065873e-17
6761.18284822 6.45079156786e-17
6763.36524963 6.54994600157e-17
6765.54765105 6.4872738279e-17
6767.73005247 6.60088020839e-17
6769.91245389 6.9846910555e-17
6772.09485531 6.1855368293e-17
6774.27725673 6.2131280539e-17
6776.45965815 6.17474295365e-17
6778.64205956 6.03588876594e-17
6780.82446098 6.37162863315e-17
6783.0068624 6.69953554651e-17
6785.18926382 6.65681751716e-17
6787.37166524 5.94489183944e-17
6789.55406666 6.07838035259e-17
6791.73646808 6.38282049585e-17
6793.9188695 5.9963884489e-17
6796.10127091 6.52199253506e-17
6798.28367233 6.04658123026e-17
6800.46607375 6.07706122782e-17
6802.64847517 6.40787453493e-17
6804.83087659 6.36279636997e-17
6807.01327801 6.38450264527e-17
6809.19567943 6.19107558333e-17
6811.37808084 5.89761864747e-17
6813.56048226 6.16044105658e-17
6815.74288368 5.94729820134e-17
6817.9252851 5.65697866638e-17
6820.10768652 5.98475797427e-17
6822.29008794 6.06334247751e-17
6824.47248936 6.12700321066e-17
6826.65489078 6.43101366443e-17
6828.83729219 5.94568256482e-17
6831.01969361 5.87262502919e-17
6833.20209503 5.95961306049e-17
6835.38449645 5.91627476467e-17
6837.56689787 5.60943125348e-17
6839.74929929 5.65060542289e-17
6841.93170071 6.30031368757e-17
6844.11410213 6.09347961683e-17
6846.29650354 6.27916074357e-17
6848.47890496 6.41005216817e-17
6850.66130638 6.51396297534e-17
6852.8437078 6.55943349158e-17
6855.02610922 6.18748890454e-17
6857.20851064 6.16150012054e-17
6859.39091206 6.4730246535e-17
6861.57331347 6.68271104899e-17
6863.75571489 6.29656738042e-17
6865.93811631 6.09631805254e-17
6868.12051773 6.21654955717e-17
6870.30291915 6.95666370516e-17
6872.48532057 7.29751752479e-17
6874.66772199 6.50028437104e-17
6876.85012341 6.18945373691e-17
6879.03252482 6.23410090212e-17
6881.21492624 6.64619549569e-17
6883.39732766 6.33965713803e-17
6885.57972908 6.1571643058e-17
6887.7621305 6.63113117062e-17
6889.94453192 6.82998113555e-17
6892.12693334 6.09389437878e-17
6894.30933475 6.16429979199e-17
6896.49173617 6.99667508811e-17
6898.67413759 6.38597421431e-17
6900.85653901 6.12347629314e-17
6903.03894043 5.37797726865e-17
6905.22134185 5.4515179695e-17
6907.40374327 5.90556894967e-17
6909.58614469 6.28856020205e-17
6911.7685461 6.00442807386e-17
6913.95094752 5.50674351302e-17
6916.13334894 5.78914011248e-17
6918.31575036 5.8228908103e-17
6920.49815178 5.56607970035e-17
6922.6805532 5.7513700293e-17
6924.86295462 5.97744176836e-17
6927.04535604 5.80603532766e-17
6929.22775745 6.06136668176e-17
6931.41015887 5.57575189872e-17
6933.59256029 5.48905454719e-17
6935.77496171 5.97344014169e-17
6937.95736313 6.29013715559e-17
6940.13976455 5.92308428953e-17
6942.32216597 5.69064236579e-17
6944.50456738 6.3427770361e-17
6946.6869688 5.69266617474e-17
6948.86937022 5.60695744839e-17
6951.05177164 6.09468657541e-17
6953.23417306 6.08602208002e-17
6955.41657448 5.67720221137e-17
6957.5989759 5.82968870538e-17
6959.78137732 5.4489937284e-17
6961.96377873 5.69867843331e-17
6964.14618015 6.17476268513e-17
6966.32858157 6.01963402412e-17
6968.51098299 5.57335101148e-17
6970.69338441 5.76595836675e-17
6972.87578583 5.94721249723e-17
6975.05818725 6.11593710168e-17
6977.24058866 6.36595478486e-17
6979.42299008 6.66097319927e-17
6981.6053915 6.22690895406e-17
6983.78779292 5.45145453623e-17
6985.97019434 5.6456237548e-17
6988.15259576 5.99729558518e-17
6990.33499718 6.01676558018e-17
6992.5173986 6.01562511471e-17
6994.69980001 5.86768068462e-17
6996.88220143 5.88937755516e-17
6999.06460285 5.81968121875e-17
7001.24700427 6.07339149256e-17
7003.42940569 5.69682773533e-17
7005.61180711 5.95420306101e-17
7007.79420853 5.83453524969e-17
7009.97660995 6.11661457031e-17
7012.15901136 5.65297809964e-17
7014.34141278 5.35664156268e-17
7016.5238142 6.1098482241e-17
7018.70621562 6.2004950253e-17
7020.88861704 6.17772837239e-17
7023.07101846 5.82969737356e-17
7025.25341988 5.57613551404e-17
7027.43582129 5.55144218306e-17
7029.61822271 5.21041201347e-17
7031.80062413 6.05614122021e-17
7033.98302555 5.76604157319e-17
7036.16542697 5.21948350834e-17
7038.34782839 5.55717270876e-17
7040.53022981 5.45038451398e-17
7042.71263123 5.46381545757e-17
7044.89503264 6.18182835469e-17
7047.07743406 5.66427105115e-17
7049.25983548 5.98786034843e-17
7051.4422369 5.5707345958e-17
7053.62463832 5.94075362973e-17
7055.80703974 5.16856370013e-17
7057.98944116 6.38587326497e-17
7060.17184258 6.07228082539e-17
7062.35424399 5.56125427502e-17
7064.53664541 6.31151039663e-17
7066.71904683 5.3684461901e-17
7068.90144825 5.18538084358e-17
7071.08384967 5.72273732747e-17
7073.26625109 5.63634856479e-17
7075.44865251 5.65496063067e-17
7077.63105392 5.64061956973e-17
7079.81345534 5.90330730063e-17
7081.99585676 5.89172589253e-17
7084.17825818 5.91794076624e-17
7086.3606596 5.36295802285e-17
7088.54306102 5.348421441e-17
7090.72546244 5.11572240395e-17
7092.90786386 5.3502174824e-17
7095.09026527 5.5777930638e-17
7097.27266669 5.6814757061e-17
7099.45506811 6.1098974462e-17
7101.63746953 5.47956029183e-17
7103.81987095 4.93732047762e-17
7106.00227237 5.19653350564e-17
7108.18467379 6.02644106347e-17
7110.3670752 5.52765677453e-17
7112.54947662 5.74239045424e-17
7114.73187804 5.41715545491e-17
7116.91427946 5.19505278578e-17
7119.09668088 5.50547767967e-17
7121.2790823 5.32111050425e-17
7123.46148372 5.17633589121e-17
7125.64388514 5.33418078681e-17
7127.82628655 5.27723567298e-17
7130.00868797 5.34356031612e-17
7132.19108939 5.36921885085e-17
7134.37349081 5.45240308196e-17
7136.55589223 4.94020132759e-17
7138.73829365 5.4114708054e-17
7140.92069507 5.31266945594e-17
7143.10309649 5.18102590499e-17
7145.2854979 5.60131794058e-17
7147.46789932 5.69171148284e-17
7149.65030074 5.79188994883e-17
7151.83270216 5.49505317229e-17
7154.01510358 5.69095626793e-17
7156.197505 5.74479017486e-17
7158.37990642 5.44280890853e-17
7160.56230783 5.36288519433e-17
7162.74470925 5.64001612744e-17
7164.92711067 5.33735398253e-17
7167.10951209 4.84391467355e-17
7169.29191351 5.03950141675e-17
7171.47431493 5.07945058287e-17
7173.65671635 4.65019811856e-17
7175.83911777 4.74108018205e-17
7178.02151918 4.87316906343e-17
7180.2039206 4.86296866639e-17
7182.38632202 5.25139884118e-17
7184.56872344 5.30433432976e-17
7186.75112486 5.84629485642e-17
7188.93352628 5.92222570498e-17
7191.1159277 5.33553695488e-17
7193.29832911 4.93928296834e-17
7195.48073053 5.19522473278e-17
7197.66313195 5.37871409895e-17
7199.84553337 5.00775175968e-17
7202.02793479 5.13831771276e-17
7204.21033621 5.74597704558e-17
7206.39273763 5.5650257982e-17
7208.57513905 4.7893630232e-17
7210.75754046 5.00783045558e-17
7212.93994188 5.59660348309e-17
7215.1223433 5.99636384818e-17
7217.30474472 5.4589329765e-17
7219.48714614 5.19293248246e-17
7221.66954756 5.49212112209e-17
7223.85194898 5.14069505227e-17
7226.0343504 5.16236856302e-17
7228.21675181 5.4240661119e-17
7230.39915323 4.99099946584e-17
7232.58155465 4.84777348545e-17
7234.76395607 4.89517893758e-17
7236.94635749 4.28632165554e-17
7239.12875891 4.43273350193e-17
7241.31116033 5.63972163027e-17
7243.49356174 5.20818997897e-17
7245.67596316 5.49639353582e-17
7247.85836458 6.53709025806e-17
7250.040766 5.50879471453e-17
7252.22316742 4.94197449964e-17
7254.40556884 6.15169039589e-17
7256.58797026 5.50819403224e-17
7258.77037168 5.12268337876e-17
7260.95277309 5.34612952003e-17
7263.13517451 5.30459162163e-17
7265.31757593 5.18039236944e-17
7267.49997735 5.16165038795e-17
7269.68237877 4.91687062833e-17
7271.86478019 5.06897262966e-17
7274.04718161 4.68424171617e-17
7276.22958302 4.68681052232e-17
7278.41198444 5.8260271809e-17
7280.59438586 4.70534992331e-17
7282.77678728 4.52877183885e-17
7284.9591887 5.03442297448e-17
7287.14159012 5.02222246734e-17
7289.32399154 4.70428598199e-17
7291.50639296 5.0476491575e-17
7293.68879437 4.89449877503e-17
7295.87119579 5.16997454486e-17
7298.05359721 5.08515229523e-17
7300.23599863 4.9389634645e-17
7302.41840005 5.04361569742e-17
7304.60080147 5.31235802526e-17
7306.78320289 4.4977994316e-17
7308.96560431 5.31249080974e-17
7311.14800572 5.12661596358e-17
7313.33040714 5.39616110635e-17
7315.51280856 5.34199051871e-17
7317.69520998 4.46062705288e-17
7319.8776114 5.2068737678e-17
7322.06001282 5.51863501105e-17
7324.24241424 4.87555373897e-17
7326.42481565 5.02876328691e-17
7328.60721707 5.78419605805e-17
7330.78961849 5.15986142259e-17
7332.97201991 5.29757247775e-17
7335.15442133 5.78368274789e-17
7337.33682275 5.80205421355e-17
7339.51922417 5.10089381253e-17
7341.70162559 5.31052834772e-17
7343.884027 5.72859397747e-17
7346.06642842 5.32820035582e-17
7348.24882984 5.17827368751e-17
7350.43123126 5.33942336191e-17
7352.61363268 5.3685649871e-17
7354.7960341 5.2695602952e-17
7356.97843552 6.3268569568e-17
7359.16083693 5.65787683669e-17
7361.34323835 4.74750857802e-17
7363.52563977 5.39301844345e-17
7365.70804119 5.53634964883e-17
7367.89044261 6.19569296199e-17
7370.07284403 5.73811048466e-17
7372.25524545 5.51156342779e-17
7374.43764687 5.8042871966e-17
7376.62004828 5.58298227308e-17
7378.8024497 5.38180162516e-17
7380.98485112 5.65267344209e-17
7383.16725254 6.06975430077e-17
7385.34965396 5.4709924411e-17
7387.53205538 5.52435397257e-17
7389.7144568 6.2128105807e-17
7391.89685822 5.68179369332e-17
7394.07925963 5.38932151535e-17
7396.26166105 5.94041847305e-17
7398.44406247 6.36305983214e-17
7400.62646389 6.00479489786e-17
7402.80886531 5.90806936665e-17
7404.99126673 6.46531402764e-17
7407.17366815 6.05817219088e-17
7409.35606956 5.77549041531e-17
7411.53847098 6.06451282132e-17
7413.7208724 6.00187799515e-17
7415.90327382 5.97415840901e-17
7418.08567524 6.17796875895e-17
7420.26807666 6.09893010553e-17
7422.45047808 6.46645049984e-17
7424.6328795 6.36719360469e-17
7426.81528091 6.14099377936e-17
7428.99768233 6.93054774326e-17
7431.18008375 7.25962531748e-17
7433.36248517 6.77791153847e-17
7435.54488659 6.47135458174e-17
7437.72728801 7.48092240609e-17
7439.90968943 7.3719324864e-17
7442.09209085 7.77875035788e-17
7444.27449226 7.79904999261e-17
7446.45689368 7.80843770402e-17
7448.6392951 7.84464509662e-17
7450.82169652 6.88783607576e-17
7453.00409794 6.62673359364e-17
7455.18649936 6.69892713628e-17
7457.36890078 6.30739255547e-17
7459.55130219 5.77757314798e-17
7461.73370361 6.05020006294e-17
7463.91610503 6.3495551995e-17
7466.09850645 6.44501482185e-17
7468.28090787 6.26661063748e-17
7470.46330929 6.78285155941e-17
7472.64571071 6.21887762491e-17
7474.82811213 6.40829180339e-17
7477.01051354 7.14729029219e-17
7479.19291496 6.20411845939e-17
7481.37531638 6.17466026373e-17
7483.5577178 6.56400796797e-17
7485.74011922 6.54699707939e-17
7487.92252064 5.66369658695e-17
7490.10492206 5.76275500812e-17
7492.28732347 5.59980675779e-17
7494.46972489 6.25492126633e-17
7496.65212631 5.91018153395e-17
7498.83452773 5.81415315063e-17
7501.01692915 6.59536245978e-17
7503.19933057 5.81086858635e-17
7505.38173199 5.61568504461e-17
7507.56413341 5.40357292274e-17
7509.74653482 5.38949705423e-17
7511.92893624 5.84141181938e-17
7514.11133766 5.18106255894e-17
7516.29373908 5.36909674107e-17
7518.4761405 5.33596267783e-17
7520.65854192 5.57049731032e-17
7522.84094334 5.68301114275e-17
7525.02334476 5.68168585784e-17
7527.20574617 5.46990647546e-17
7529.38814759 5.1651941169e-17
7531.57054901 6.06083808153e-17
7533.75295043 5.6607786342e-17
7535.93535185 5.53677092877e-17
7538.11775327 5.27320611401e-17
7540.30015469 6.25427912047e-17
7542.4825561 5.68808791335e-17
7544.66495752 5.3552243e-17
7546.84735894 5.62135047376e-17
7549.02976036 5.69668903325e-17
7551.21216178 5.33450537875e-17
7553.3945632 5.36995047636e-17
7555.57696462 6.35527905459e-17
7557.75936604 6.46398701458e-17
7559.94176745 6.27695952176e-17
7562.12416887 5.78184706353e-17
7564.30657029 5.36949717366e-17
7566.48897171 5.22570439882e-17
7568.67137313 4.77291237383e-17
7570.85377455 5.83506058655e-17
7573.03617597 6.20979565699e-17
7575.21857738 6.1738159766e-17
7577.4009788 5.67453138081e-17
7579.58338022 5.20453606331e-17
7581.76578164 5.93723943914e-17
7583.94818306 5.72203142278e-17
7586.13058448 6.31671620708e-17
7588.3129859 6.76858580765e-17
7590.49538732 6.18492684307e-17
7592.67778873 5.99104043816e-17
7594.86019015 6.75076682734e-17
7597.04259157 6.87350019964e-17
7599.22499299 6.87949184035e-17
7601.40739441 7.90602758462e-17
7603.58979583 7.59954607663e-17
7605.77219725 6.37054671946e-17
7607.95459867 7.19233505711e-17
7610.13700008 6.55789744076e-17
7612.3194015 4.81121355496e-17
7614.50180292 6.27522246439e-17
7616.68420434 6.687881245e-17
7618.86660576 5.67935700995e-17
7621.04900718 6.08197798688e-17
7623.2314086 6.25919353275e-17
7625.41381001 5.75912402228e-17
7627.59621143 6.53220457018e-17
7629.77861285 6.46560189732e-17
7631.96101427 5.72932117253e-17
7634.14341569 5.09884097904e-17
7636.32581711 6.0590872056e-17
7638.50821853 6.13507618768e-17
7640.69061995 5.51449454298e-17
7642.87302136 6.9536687446e-17
7645.05542278 6.76284745145e-17
7647.2378242 6.29982862259e-17
7649.42022562 6.64750729704e-17
7651.60262704 7.03825747284e-17
7653.78502846 6.86682574542e-17
7655.96742988 7.2138973502e-17
7658.14983129 5.87962454208e-17
7660.33223271 5.69334554799e-17
7662.51463413 6.33361467649e-17
7664.69703555 6.14227871783e-17
7666.87943697 5.35016506204e-17
7669.06183839 5.84489428597e-17
7671.24423981 5.66289751699e-17
7673.42664123 5.86883278999e-17
7675.60904264 5.73185057902e-17
7677.79144406 6.10459155333e-17
7679.97384548 6.04160848063e-17
7682.1562469 6.03220180602e-17
7684.33864832 6.37329117765e-17
7686.52104974 6.11519184192e-17
7688.70345116 6.44636740281e-17
7690.88585258 6.15227561452e-17
7693.06825399 5.64594609108e-17
7695.25065541 6.21904301921e-17
7697.43305683 6.13522384537e-17
7699.61545825 6.87574903161e-17
7701.79785967 6.79282620971e-17
7703.98026109 6.14787744805e-17
7706.16266251 5.73240493526e-17
7708.34506392 6.64300433232e-17
7710.52746534 6.35365673539e-17
7712.70986676 4.1793097806e-17
7714.89226818 5.97941566614e-17
7717.0746696 6.36244228236e-17
7719.25707102 6.54036347538e-17
7721.43947244 6.17815663356e-17
7723.62187386 6.23514262991e-17
7725.80427527 6.40991706822e-17
7727.98667669 6.42975733527e-17
7730.16907811 5.57582727872e-17
7732.35147953 5.69125096542e-17
7734.53388095 5.95069407925e-17
7736.71628237 5.7786720221e-17
7738.89868379 5.49767694479e-17
7741.08108521 5.43703235265e-17
7743.26348662 5.30772648817e-17
7745.44588804 5.27262154709e-17
7747.62828946 6.30521512921e-17
7749.81069088 7.67962854201e-17
7751.9930923 6.58747955618e-17
7754.17549372 6.13101639328e-17
7756.35789514 4.8066466193e-17
7758.54029655 5.77651672221e-17
7760.72269797 7.46717908242e-17
7762.90509939 5.87407148003e-17
7765.08750081 5.57928117959e-17
7767.26990223 5.59430150959e-17
7769.45230365 6.46480454356e-17
7771.63470507 5.84276963689e-17
7773.81710649 5.6739256152e-17
7775.9995079 6.12935608419e-17
7778.18190932 5.84518067629e-17
7780.36431074 5.49394258992e-17
7782.54671216 6.08589596646e-17
7784.72911358 6.05594700178e-17
7786.911515 5.68219917989e-17
7789.09391642 5.8401997055e-17
7791.27631783 6.21854190687e-17
7793.45871925 6.15291336896e-17
7795.64112067 6.75866639304e-17
7797.82352209 6.43328683626e-17
7800.00592351 5.83859010261e-17
7802.18832493 6.04612661172e-17
7804.37072635 5.49072843125e-17
7806.55312777 6.07170932237e-17
7808.73552918 5.95424882068e-17
7810.9179306 5.38396250187e-17
7813.10033202 5.69402182908e-17
7815.28273344 5.50181836278e-17
7817.46513486 5.1024297343e-17
7819.64753628 4.96086028617e-17
7821.8299377 4.35216519484e-17
7824.01233912 5.1116091421e-17
7826.19474053 5.09642762408e-17
7828.37714195 5.15996116462e-17
7830.55954337 5.43063605667e-17
7832.74194479 6.03099862869e-17
7834.92434621 5.31409445098e-17
7837.10674763 4.6156665376e-17
7839.28914905 5.0365754727e-17
7841.47155046 4.85936620837e-17
7843.65395188 5.21835908445e-17
7845.8363533 5.50402359205e-17
7848.01875472 6.2565906054e-17
7850.20115614 5.37483441663e-17
7852.38355756 5.38964148658e-17
7854.56595898 5.46668540394e-17
7856.7483604 4.91026659477e-17
7858.93076181 6.15048748338e-17
7861.11316323 5.1195292082e-17
7863.29556465 6.31585296553e-17
7865.47796607 4.81035326508e-17
7867.66036749 5.98207701632e-17
7869.84276891 4.99811894364e-17
7872.02517033 5.84851360866e-17
7874.20757174 5.26434606243e-17
7876.38997316 5.15303268415e-17
7878.57237458 5.53011392538e-17
7880.754776 6.35463946202e-17
7882.93717742 5.40778187403e-17
7885.11957884 5.08978779743e-17
7887.30198026 6.00279717809e-17
7889.48438168 6.92343180293e-17
7891.66678309 5.3203625155e-17
7893.84918451 5.3548132012e-17
7896.03158593 4.97928375176e-17
7898.21398735 4.74592519017e-17
7900.39638877 6.24552083842e-17
7902.57879019 6.05036204535e-17
7904.76119161 5.34602225938e-17
7906.94359303 5.5887761493e-17
7909.12599444 7.08901853518e-17
7911.30839586 5.73391604212e-17
7913.49079728 5.38525193007e-17
7915.6731987 5.90757803718e-17
7917.85560012 4.47665765706e-17
7920.03800154 4.85252360961e-17
7922.22040296 5.63917815089e-17
7924.40280437 5.85090693725e-17
7926.58520579 6.41018286632e-17
7928.76760721 6.2264163742e-17
7930.95000863 5.51944862361e-17
7933.13241005 5.44319583541e-17
7935.31481147 5.12316751287e-17
7937.49721289 5.14712757095e-17
7939.67961431 5.65188256677e-17
7941.86201572 5.28698463558e-17
7944.04441714 5.24491800667e-17
7946.22681856 5.87002610023e-17
7948.40921998 6.31493322423e-17
7950.5916214 5.75708352109e-17
7952.77402282 5.09736825828e-17
7954.95642424 4.93449112124e-17
7957.13882565 4.76475469768e-17
7959.32122707 5.63044587599e-17
7961.50362849 6.42437608217e-17
7963.68602991 5.63471550156e-17
7965.86843133 5.62500055015e-17
7968.05083275 6.54889428541e-17
7970.23323417 5.7311593255e-17
7972.41563559 5.17126763672e-17
7974.598037 5.43439332402e-17
7976.78043842 6.7032515448e-17
7978.96283984 7.3103416652e-17
7981.14524126 6.8693717877e-17
7983.32764268 6.47433302825e-17
7985.5100441 6.06635821183e-17
7987.69244552 5.43637025539e-17
7989.87484694 7.01573331771e-17
7992.05724835 6.66141114078e-17
7994.23964977 5.48503568721e-17
7996.42205119 6.21491795037e-17
7998.60445261 4.84548529733e-17
8000.78685403 4.94203518936e-17
8002.96925545 5.23995894971e-17
8005.15165687 5.17700376839e-17
8007.33405828 5.5516994372e-17
8009.5164597 5.36068666878e-17
8011.69886112 6.48449382031e-17
8013.88126254 5.91205572788e-17
8016.06366396 4.93706470849e-17
