3473.03604507 9.51701776564e-17
3475.22142601 8.78717232899e-17
3477.40680695 1.06423179843e-16
3479.59218788 1.38848198183e-16
3481.77756882 1.40950284352e-16
3483.96294975 1.04168105982e-16
3486.14833069 1.64217249908e-16
3488.33371162 1.48284833879e-16
3490.51909256 1.497107374e-16
3492.7044735 1.41742051695e-16
3494.88985443 1.4976299223e-16
3497.07523537 1.47573894539e-16
3499.2606163 1.14156211989e-16
3501.44599724 1.10442616606e-16
3503.63137817 1.47361130774e-16
3505.81675911 1.96044467795e-16
3508.00214005 1.79991077364e-16
3510.18752098 1.43324839092e-16
3512.37290192 1.77554338389e-16
3514.55828285 1.99917140028e-16
3516.74366379 1.78780742538e-16
3518.92904472 1.99248031704e-16
3521.11442566 1.86458507387e-16
3523.29980659 1.88651833243e-16
3525.48518753 2.26636130563e-16
3527.67056847 2.02368068252e-16
3529.8559494 2.40445261846e-16
3532.04133034 2.36204612933e-16
3534.22671127 2.54289398584e-16
3536.41209221 3.07863714061e-16
3538.59747314 3.51231161986e-16
3540.78285408 3.14532726519e-16
3542.96823502 3.60733425436e-16
3545.15361595 3.37086489385e-16
3547.33899689 3.65091172176e-16
3549.52437782 3.79081794474e-16
3551.70975876 4.18832342058e-16
3553.89513969 4.08689930574e-16
3556.08052063 3.73858573047e-16
3558.26590157 3.28361789094e-16
3560.4512825 2.55897364564e-16
3562.63666344 2.59941303577e-16
3564.82204437 2.96275680773e-16
3567.00742531 3.21089809666e-16
3569.19280624 2.7886099509e-16
3571.37818718 2.4219028693e-16
3573.56356812 1.87563966819e-16
3575.74894905 1.80715669023e-16
3577.93432999 2.33041272704e-16
3580.11971092 2.31216530301e-16
3582.30509186 1.98212384889e-16
3584.49047279 2.30756925274e-16
3586.67585373 2.18454026247e-16
3588.86123466 2.18624681678e-16
3591.0466156 2.45621833657e-16
3593.23199654 2.01239086882e-16
3595.41737747 1.83927454512e-16
3597.60275841 2.06342868564e-16
3599.78813934 1.56828245849e-16
3601.97352028 1.66256977219e-16
3604.15890121 2.03407850423e-16
3606.34428215 2.0140012579e-16
3608.52966309 1.99789894229e-16
3610.71504402 2.32708732089e-16
3612.90042496 1.69820690598e-16
3615.08580589 1.91028917882e-16
3617.27118683 1.6631863518e-16
3619.45656776 1.79864605638e-16
3621.6419487 1.98544518677e-16
3623.82732964 2.1583953397e-16
3626.01271057 1.95786284771e-16
3628.19809151 1.65560766717e-16
3630.38347244 1.58143999437e-16
3632.56885338 1.1771368792e-16
3634.75423431 1.76540999537e-16
3636.93961525 2.02095747996e-16
3639.12499619 1.44048664437e-16
3641.31037712 1.68057304103e-16
3643.49575806 1.94254222261e-16
3645.68113899 1.77254541864e-16
3647.86651993 1.8607760194e-16
3650.05190086 1.65860934993e-16
3652.2372818 1.5821069106e-16
3654.42266273 1.65219497969e-16
3656.60804367 1.67338636534e-16
3658.79342461 1.63367153496e-16
3660.97880554 1.5650239562e-16
3663.16418648 1.35277046599e-16
3665.34956741 1.49105401512e-16
3667.53494835 1.38424092856e-16
3669.72032928 1.48117087445e-16
3671.90571022 1.86299865867e-16
3674.09109116 1.97487055363e-16
3676.27647209 1.8313436711e-16
3678.46185303 1.81468915183e-16
3680.64723396 1.80871440259e-16
3682.8326149 1.54987788516e-16
3685.01799583 1.58987769702e-16
3687.20337677 1.7220571649e-16
3689.38875771 1.4824536119e-16
3691.57413864 1.47101951113e-16
3693.75951958 1.64576742513e-16
3695.94490051 1.71029843237e-16
3698.13028145 2.13424867976e-16
3700.31566238 1.62313764626e-16
3702.50104332 1.34267761763e-16
3704.68642426 1.94272240403e-16
3706.87180519 1.96723309579e-16
3709.05718613 1.86507593778e-16
3711.24256706 2.08332954155e-16
3713.427948 1.95228623125e-16
3715.61332893 1.94913445819e-16
3717.79870987 1.95431816511e-16
3719.98409081 2.16943636727e-16
3722.16947174 2.09613972649e-16
3724.35485268 1.88712039814e-16
3726.54023361 1.95615720184e-16
3728.72561455 1.94683069864e-16
3730.91099548 1.98163647166e-16
3733.09637642 1.99946138015e-16
3735.28175735 1.64417309808e-16
3737.46713829 1.69860226767e-16
3739.65251923 1.85392877334e-16
3741.83790016 1.85941731864e-16
3744.0232811 1.77435147449e-16
3746.20866203 1.89860523364e-16
3748.39404297 1.76923497598e-16
3750.5794239 1.82201743351e-16
3752.76480484 1.94689537115e-16
3754.95018578 2.0460364737e-16
3757.13556671 1.81873736448e-16
3759.32094765 1.73704517413e-16
3761.50632858 1.65759070436e-16
3763.69170952 1.61664841834e-16
3765.87709045 1.70908966652e-16
3768.06247139 1.80375444196e-16
3770.24785233 2.15812333801e-16
3772.43323326 1.97028020489e-16
3774.6186142 1.66071038864e-16
3776.80399513 1.75408136179e-16
3778.98937607 1.70382845043e-16
3781.174757 1.72220474782e-16
3783.36013794 1.6677836339e-16
3785.54551888 1.5268027678e-16
3787.73089981 1.72623657734e-16
3789.91628075 1.8527942403e-16
3792.10166168 2.10348607555e-16
3794.28704262 1.45208362483e-16
3796.47242355 1.45155348379e-16
3798.65780449 1.9177369959e-16
3800.84318542 1.85155933803e-16
3803.02856636 1.54008609617e-16
3805.2139473 1.83521936986e-16
3807.39932823 2.03800246075e-16
3809.58470917 1.9117268214e-16
3811.7700901 1.96811060172e-16
3813.95547104 1.48016877285e-16
3816.14085197 1.69944264261e-16
3818.32623291 1.91438104881e-16
3820.51161385 1.38172281586e-16
3822.69699478 1.53159321715e-16
3824.88237572 1.6500455433e-16
3827.06775665 1.6865578343e-16
3829.25313759 1.58733091478e-16
3831.43851852 1.6817770363e-16
3833.62389946 1.50938888877e-16
3835.8092804 1.5522295578e-16
3837.99466133 1.71553318904e-16
3840.18004227 1.7565329844e-16
3842.3654232 1.57817856864e-16
3844.55080414 1.53949683739e-16
3846.73618507 1.7065763362e-16
3848.92156601 1.47381319938e-16
3851.10694695 1.703604113e-16
3853.29232788 1.93516497305e-16
3855.47770882 1.77810804917e-16
3857.66308975 1.71946498377e-16
3859.84847069 1.80500026351e-16
3862.03385162 1.93477202735e-16
3864.21923256 2.16908076922e-16
3866.40461349 2.09209622338e-16
3868.58999443 1.86389431497e-16
3870.77537537 1.82061919476e-16
3872.9607563 1.6112834604e-16
3875.14613724 1.74970228302e-16
3877.33151817 1.85750479567e-16
3879.51689911 1.87397252675e-16
3881.70228004 1.73237289384e-16
3883.88766098 1.48932506086e-16
3886.07304192 1.81023968934e-16
3888.25842285 1.80443230618e-16
3890.44380379 1.68800912372e-16
3892.62918472 1.67579718689e-16
3894.81456566 1.71319478199e-16
3896.99994659 1.83151244724e-16
3899.18532753 1.9259355639e-16
3901.37070847 1.90938090572e-16
3903.5560894 1.64409127406e-16
3905.74147034 1.77505876459e-16
3907.92685127 2.09051735285e-16
3910.11223221 1.66911353662e-16
3912.29761314 1.67389280588e-16
3914.48299408 1.63680107969e-16
3916.66837502 1.67377703447e-16
3918.85375595 1.74025544793e-16
3921.03913689 2.03222691398e-16
3923.22451782 2.04772518339e-16
3925.40989876 1.85143892109e-16
3927.59527969 2.12528006806e-16
3929.78066063 2.13826339265e-16
3931.96604156 1.8379239586e-16
3934.1514225 1.67248166417e-16
3936.33680344 1.77889768472e-16
3938.52218437 1.94508056495e-16
3940.70756531 2.10235448857e-16
3942.89294624 2.03239403747e-16
3945.07832718 2.07514491253e-16
3947.26370811 1.99030063825e-16
3949.44908905 1.93072149112e-16
3951.63446999 2.06966382005e-16
3953.81985092 1.95663987586e-16
3956.00523186 2.10071185326e-16
3958.19061279 2.30220615934e-16
3960.37599373 2.32882011062e-16
3962.56137466 2.34781889378e-16
3964.7467556 2.08948721584e-16
3966.93213654 2.18490940462e-16
3969.11751747 2.23789170336e-16
3971.30289841 2.36753540826e-16
3973.48827934 2.30855390207e-16
3975.67366028 2.16837388159e-16
3977.85904121 2.1496609315e-16
3980.04442215 2.34798928862e-16
3982.22980309 1.98514568744e-16
3984.41518402 1.82466088051e-16
3986.60056496 2.04757367377e-16
3988.78594589 2.03528526333e-16
3990.97132683 1.88196786008e-16
3993.15670776 1.8405713156e-16
3995.3420887 2.13583813831e-16
3997.52746963 2.13386051878e-16
3999.71285057 2.0856729061e-16
4001.89823151 2.17385059661e-16
4004.08361244 2.09580599004e-16
4006.26899338 2.36225102159e-16
4008.45437431 2.56603950734e-16
4010.63975525 2.09600116542e-16
4012.82513618 1.67110158876e-16
4015.01051712 1.9077991321e-16
4017.19589806 1.91534303472e-16
4019.38127899 1.88854195914e-16
4021.56665993 1.8866125325e-16
4023.75204086 2.01531533606e-16
4025.9374218 2.08174378346e-16
4028.12280273 2.31377957302e-16
4030.30818367 2.08936661573e-16
4032.49356461 1.97859431561e-16
4034.67894554 2.29341982394e-16
4036.86432648 1.98291553701e-16
4039.04970741 2.34187864767e-16
4041.23508835 2.4987278342e-16
4043.42046928 2.1114283047e-16
4045.60585022 1.79934605237e-16
4047.79123116 2.04517799928e-16
4049.97661209 2.12002053828e-16
4052.16199303 1.97952567421e-16
4054.34737396 2.08745776074e-16
4056.5327549 2.27791264556e-16
4058.71813583 2.22270808339e-16
4060.90351677 2.3056434214e-16
4063.08889771 2.43902090706e-16
4065.27427864 2.04868784078e-16
4067.45965958 1.94725484873e-16
4069.64504051 2.2781522567e-16
4071.83042145 2.10527940355e-16
4074.01580238 1.94104637024e-16
4076.20118332 1.7770198163e-16
4078.38656425 1.94275404225e-16
4080.57194519 2.04628326138e-16
4082.75732613 1.76387244804e-16
4084.94270706 2.04567824372e-16
4087.128088 1.89782598316e-16
4089.31346893 2.13908219968e-16
4091.49884987 2.21029308048e-16
4093.6842308 1.9455497967e-16
4095.86961174 2.20646115818e-16
4098.05499268 2.1034460897e-16
4100.24037361 1.86921140979e-16
4102.42575455 1.88141346885e-16
4104.61113548 1.83773861203e-16
4106.79651642 1.88680324756e-16
4108.98189735 1.83280732649e-16
4111.16727829 1.83833801846e-16
4113.35265923 2.10546884685e-16
4115.53804016 2.28161304824e-16
4117.7234211 2.22389177394e-16
4119.90880203 2.03952703169e-16
4122.09418297 2.13713849056e-16
4124.2795639 2.15710265428e-16
4126.46494484 2.14198862029e-16
4128.65032578 2.02825237393e-16
4130.83570671 2.15377959708e-16
4133.02108765 2.21839250938e-16
4135.20646858 2.25033967132e-16
4137.39184952 2.14460205133e-16
4139.57723045 1.85970785707e-16
4141.76261139 2.09195703321e-16
4143.94799232 2.12888923873e-16
4146.13337326 1.57846551426e-16
4148.3187542 1.86641666458e-16
4150.50413513 2.23047580782e-16
4152.68951607 2.06601788738e-16
4154.874897 2.15117505941e-16
4157.06027794 2.12156667293e-16
4159.24565887 2.37616810319e-16
4161.43103981 2.07513303268e-16
4163.61642075 1.88813062095e-16
4165.80180168 2.16565407155e-16
4167.98718262 2.02992517063e-16
4170.17256355 2.06844098908e-16
4172.35794449 1.91944398611e-16
4174.54332542 1.51769787935e-16
4176.72870636 2.0384975939e-16
4178.9140873 2.37248209479e-16
4181.09946823 2.18897303385e-16
4183.28484917 1.97582519903e-16
4185.4702301 1.81701425723e-16
4187.65561104 2.10869291676e-16
4189.84099197 2.57127963093e-16
4192.02637291 2.15959140708e-16
4194.21175385 1.98426768704e-16
4196.39713478 2.09163687442e-16
4198.58251572 2.10221576749e-16
4200.76789665 2.00632595549e-16
4202.95327759 1.82986390616e-16
4205.13865852 2.03908404884e-16
4207.32403946 1.91569695057e-16
4209.50942039 2.16131345558e-16
4211.69480133 1.62091989142e-16
4213.88018227 2.14088140905e-16
4216.0655632 2.3494124155e-16
4218.25094414 2.17813505656e-16
4220.43632507 1.72786637457e-16
4222.62170601 2.2783605058e-16
4224.80708694 2.36325266703e-16
4226.99246788 1.80537135986e-16
4229.17784882 1.83314542964e-16
4231.36322975 2.0222768239e-16
4233.54861069 2.14676937235e-16
4235.73399162 2.21192750552e-16
4237.91937256 2.25325680698e-16
4240.10475349 2.12558770708e-16
4242.29013443 2.33893808798e-16
4244.47551537 2.20339970184e-16
4246.6608963 1.91846150129e-16
4248.84627724 2.0644783319e-16
4251.03165817 1.98748499794e-16
4253.21703911 1.65371250747e-16
4255.40242004 1.7604006221e-16
4257.58780098 1.83742494385e-16
4259.77318192 1.99098742049e-16
4261.95856285 1.9084069133e-16
4264.14394379 1.83933276811e-16
4266.32932472 2.01097169361e-16
4268.51470566 2.26164802421e-16
4270.70008659 1.96061274251e-16
4272.88546753 1.9820479867e-16
4275.07084846 1.93501149237e-16
4277.2562294 2.36235061785e-16
4279.44161034 2.47149635718e-16
4281.62699127 2.3943756674e-16
4283.81237221 2.32012732486e-16
4285.99775314 2.07293087341e-16
4288.18313408 2.05599083606e-16
4290.36851501 2.15770564538e-16
4292.55389595 2.25449724552e-16
4294.73927689 2.03570800562e-16
4296.92465782 1.86078878393e-16
4299.11003876 2.08933850407e-16
4301.29541969 2.05473420622e-16
4303.48080063 1.92679040054e-16
4305.66618156 1.6841365662e-16
4307.8515625 1.76592958348e-16
4310.03694344 2.02902807577e-16
4312.22232437 1.72183041127e-16
4314.40770531 1.85026619661e-16
4316.59308624 2.32333376532e-16
4318.77846718 2.19851528392e-16
4320.96384811 1.93644473324e-16
4323.14922905 2.03573540908e-16
4325.33460999 2.09350075971e-16
4327.51999092 1.83902469814e-16
4329.70537186 2.00812691592e-16
4331.89075279 2.225573365e-16
4334.07613373 2.28013626326e-16
4336.26151466 2.34550053825e-16
4338.4468956 2.28815731964e-16
4340.63227653 2.39570527391e-16
4342.81765747 2.40936818913e-16
4345.00303841 2.13450155881e-16
4347.18841934 2.18818167976e-16
4349.37380028 2.03311123514e-16
4351.55918121 2.14785529736e-16
4353.74456215 2.09272955737e-16
4355.92994308 2.18652044943e-16
4358.11532402 2.06219512015e-16
4360.30070496 2.05070611948e-16
4362.48608589 2.2925731118e-16
4364.67146683 2.23387516871e-16
4366.85684776 2.01149715899e-16
4369.0422287 2.26385397566e-16
4371.22760963 2.21786074838e-16
4373.41299057 2.01071934053e-16
4375.59837151 1.90197981141e-16
4377.78375244 2.06015915625e-16
4379.96913338 1.88469691065e-16
4382.15451431 1.88157533668e-16
4384.33989525 2.09332662698e-16
4386.52527618 2.09252925192e-16
4388.71065712 2.18778803782e-16
4390.89603806 2.13367166143e-16
4393.08141899 2.05708463344e-16
4395.26679993 2.15609408618e-16
4397.45218086 2.14753165156e-16
4399.6375618 2.03906746195e-16
4401.82294273 2.09258240758e-16
4404.00832367 1.88246190864e-16
4406.19370461 1.90972032337e-16
4408.37908554 1.86811362667e-16
4410.56446648 1.98713937923e-16
4412.74984741 1.83890647497e-16
4414.93522835 1.99587657885e-16
4417.12060928 2.06908496965e-16
4419.30599022 1.68602839958e-16
4421.49137115 2.10449068076e-16
4423.67675209 2.12094663143e-16
4425.86213303 1.90777097821e-16
4428.04751396 1.88296739954e-16
4430.2328949 2.30470733763e-16
4432.41827583 2.21486067197e-16
4434.60365677 2.02281253856e-16
4436.7890377 1.82390688589e-16
4438.97441864 2.00332666653e-16
4441.15979958 2.10227956615e-16
4443.34518051 1.99201229779e-16
4445.53056145 1.84725166351e-16
4447.71594238 1.97555240324e-16
4449.90132332 1.81321840426e-16
4452.08670425 2.03402154258e-16
4454.27208519 1.76292309647e-16
4456.45746613 1.77321740446e-16
4458.64284706 2.0447198212e-16
4460.828228 2.16643243453e-16
4463.01360893 2.35664833863e-16
4465.19898987 1.93884247219e-16
4467.3843708 1.66256979697e-16
4469.56975174 1.73161529951e-16
4471.75513268 2.08245814536e-16
4473.94051361 2.03771094645e-16
4476.12589455 2.00119531815e-16
4478.31127548 1.92439675579e-16
4480.49665642 2.04263193717e-16
4482.68203735 1.88628200323e-16
4484.86741829 1.84405642857e-16
4487.05279922 1.85914367877e-16
4489.23818016 1.76028555999e-16
4491.4235611 1.84627250924e-16
4493.60894203 2.01987296716e-16
4495.79432297 1.91539092033e-16
4497.9797039 1.57209403296e-16
4500.16508484 1.8582893066e-16
4502.35046577 1.9166329784e-16
4504.53584671 2.05396618274e-16
4506.72122765 2.03262118902e-16
4508.90660858 1.84085398439e-16
4511.09198952 1.91491799498e-16
4513.27737045 1.99362528116e-16
4515.46275139 1.94913659529e-16
4517.64813232 1.76833231642e-16
4519.83351326 1.73510022506e-16
4522.0188942 1.8221772894e-16
4524.20427513 1.94929532656e-16
4526.38965607 2.01360918912e-16
4528.575037 1.92003638885e-16
4530.76041794 1.76572138302e-16
4532.94579887 1.66665015927e-16
4535.13117981 1.72347096578e-16
4537.31656075 1.86225152891e-16
4539.50194168 1.92417095969e-16
4541.68732262 1.88690917721e-16
4543.87270355 1.92057114188e-16
4546.05808449 1.8672914763e-16
4548.24346542 1.80983393426e-16
4550.42884636 1.91677521062e-16
4552.61422729 1.94726673357e-16
4554.79960823 1.81409483019e-16
4556.98498917 1.69300508834e-16
4559.1703701 1.94393286498e-16
4561.35575104 1.9599744118e-16
4563.54113197 2.00641840714e-16
4565.72651291 1.94639358942e-16
4567.91189384 1.80477566435e-16
4570.09727478 1.98639717099e-16
4572.28265572 1.81438621508e-16
4574.46803665 1.64296796328e-16
4576.65341759 1.9431580928e-16
4578.83879852 1.85888547074e-16
4581.02417946 1.76026653761e-16
4583.20956039 1.84306385103e-16
4585.39494133 1.8511555606e-16
4587.58032227 2.00622542832e-16
4589.7657032 2.12463415799e-16
4591.95108414 1.93661138986e-16
4594.13646507 1.81704029182e-16
4596.32184601 1.9686776796e-16
4598.50722694 1.74359517189e-16
4600.69260788 1.67231487812e-16
4602.87798882 1.66086705375e-16
4605.06336975 1.65167281947e-16
4607.24875069 1.71832516269e-16
4609.43413162 1.91093598139e-16
4611.61951256 1.70975812896e-16
4613.80489349 1.7719465008e-16
4615.99027443 1.87162766608e-16
4618.17565536 1.76156442043e-16
4620.3610363 1.87677451978e-16
4622.54641724 1.73693824883e-16
4624.73179817 2.00415043701e-16
4626.91717911 1.67473396301e-16
4629.10256004 1.79002734828e-16
4631.28794098 1.79242689046e-16
4633.47332191 1.70504099379e-16
4635.65870285 1.65263390288e-16
4637.84408379 1.51536987508e-16
4640.02946472 1.71988779644e-16
4642.21484566 1.94193368433e-16
4644.40022659 1.7327196685e-16
4646.58560753 1.87044051676e-16
4648.77098846 1.72337678933e-16
4650.9563694 1.83841367381e-16
4653.14175034 1.73507622182e-16
4655.32713127 1.75900757925e-16
4657.51251221 1.91721557744e-16
4659.69789314 1.77049566309e-16
4661.88327408 1.88442662831e-16
4664.06865501 2.05381134013e-16
4666.25403595 1.80818541278e-16
4668.43941689 1.59449282994e-16
4670.62479782 1.94524151387e-16
4672.81017876 1.79025351785e-16
4674.99555969 1.62045283555e-16
4677.18094063 2.00469280311e-16
4679.36632156 1.83070425076e-16
4681.5517025 1.84205503577e-16
4683.73708344 1.8912123387e-16
4685.92246437 1.80985797769e-16
4688.10784531 1.4720205335e-16
4690.29322624 1.93111894832e-16
4692.47860718 2.02584513948e-16
4694.66398811 1.87097854367e-16
4696.84936905 1.7221577525e-16
4699.03474998 1.91534236623e-16
4701.22013092 1.80867312719e-16
4703.40551186 2.03395862696e-16
4705.59089279 2.03939022755e-16
4707.77627373 1.69825128108e-16
4709.96165466 1.95888268471e-16
4712.1470356 1.93596291949e-16
4714.33241653 2.35423799191e-16
4716.51779747 2.97561474052e-16
4718.70317841 3.48914364261e-16
4720.88855934 3.6126791052e-16
4723.07394028 3.22441698158e-16
4725.25932121 2.73800409245e-16
4727.44470215 2.05575476046e-16
4729.63008308 1.83444363491e-16
4731.81546402 1.92289618358e-16
4734.00084496 1.97177642998e-16
4736.18622589 2.09956308792e-16
4738.37160683 1.95116628406e-16
4740.55698776 2.17239947153e-16
4742.7423687 1.92618512344e-16
4744.92774963 1.68851688164e-16
4747.11313057 1.75791106174e-16
4749.29851151 1.8000691306e-16
4751.48389244 1.68804861576e-16
4753.66927338 1.61288409301e-16
4755.85465431 1.60076773309e-16
4758.04003525 1.70624375924e-16
4760.22541618 1.93345986387e-16
4762.41079712 1.98020106201e-16
4764.59617805 1.83901807874e-16
4766.78155899 1.87903782869e-16
4768.96693993 1.78765390478e-16
4771.15232086 1.88095390206e-16
4773.3377018 1.91499408813e-16
4775.52308273 1.82763016186e-16
4777.70846367 1.74885564007e-16
4779.8938446 1.74928784496e-16
4782.07922554 1.78499742075e-16
4784.26460648 1.80454363555e-16
4786.44998741 1.90339418202e-16
4788.63536835 2.01625484002e-16
4790.82074928 1.9557326525e-16
4793.00613022 1.9290284576e-16
4795.19151115 2.11735259303e-16
4797.37689209 1.8039410275e-16
4799.56227303 1.8884897263e-16
4801.74765396 1.91651828215e-16
4803.9330349 1.78511811988e-16
4806.11841583 1.99143403163e-16
4808.30379677 1.71181020665e-16
4810.4891777 1.60377115741e-16
4812.67455864 1.70313882627e-16
4814.85993958 1.90054019422e-16
4817.04532051 1.81773625997e-16
4819.23070145 1.87047268433e-16
4821.41608238 1.81217462397e-16
4823.60146332 1.60179209142e-16
4825.78684425 1.91982031502e-16
4827.97222519 1.8742534244e-16
4830.15760612 1.88302671088e-16
4832.34298706 1.92844607413e-16
4834.528368 1.87901318591e-16
4836.71374893 1.91747702021e-16
4838.89912987 1.61232691701e-16
4841.0845108 1.63334782234e-16
4843.26989174 1.97466051974e-16
4845.45527267 1.87857643926e-16
4847.64065361 1.81908374519e-16
4849.82603455 1.84064495849e-16
4852.01141548 1.68487980207e-16
4854.19679642 2.11247887798e-16
4856.38217735 1.77394366784e-16
4858.56755829 1.74795070013e-16
4860.75293922 1.65935950893e-16
4862.93832016 1.76512419178e-16
4865.1237011 2.05464923109e-16
4867.30908203 2.10745830461e-16
4869.49446297 2.14679247473e-16
4871.6798439 2.07897323487e-16
4873.86522484 1.89223378921e-16
4876.05060577 1.90089751416e-16
4878.23598671 1.92645470194e-16
4880.42136765 1.71559379775e-16
4882.60674858 2.02021753731e-16
4884.79212952 1.85382009319e-16
4886.97751045 1.85549137854e-16
4889.16289139 2.00194087185e-16
4891.34827232 2.13030045404e-16
4893.53365326 2.19443165803e-16
4895.71903419 2.0207247861e-16
4897.90441513 2.09324678899e-16
4900.08979607 1.99543394374e-16
4902.275177 1.9908371609e-16
4904.46055794 1.86637229511e-16
4906.64593887 1.86173019727e-16
4908.83131981 1.93992655646e-16
4911.01670074 1.95020824131e-16
4913.20208168 1.90337300444e-16
4915.38746262 1.76400345439e-16
4917.57284355 1.67886257681e-16
4919.75822449 1.78144361397e-16
4921.94360542 1.89464551776e-16
4924.12898636 1.80353776643e-16
4926.31436729 2.01631415215e-16
4928.49974823 2.05427906806e-16
4930.68512917 1.84823785671e-16
4932.8705101 1.59771520888e-16
4935.05589104 1.65223859638e-16
4937.24127197 1.82886426221e-16
4939.42665291 1.63764384189e-16
4941.61203384 1.73772860062e-16
4943.79741478 1.72384823704e-16
4945.98279572 1.82056349372e-16
4948.16817665 1.94556811071e-16
4950.35355759 1.87016305994e-16
4952.53893852 1.7229331679e-16
4954.72431946 1.98172148941e-16
4956.90970039 2.08188137098e-16
4959.09508133 1.95459404521e-16
4961.28046226 1.99972516024e-16
4963.4658432 1.87860080621e-16
4965.65122414 1.87960212094e-16
4967.83660507 1.94805273949e-16
4970.02198601 1.62283275924e-16
4972.20736694 1.65456501181e-16
4974.39274788 1.89308895317e-16
4976.57812881 1.77422025593e-16
4978.76350975 1.93923565165e-16
4980.94889069 1.77088759213e-16
4983.13427162 1.74918350453e-16
4985.31965256 1.6424782261e-16
4987.50503349 1.89192197258e-16
4989.69041443 2.11888876886e-16
4991.87579536 1.95602344035e-16
4994.0611763 2.06581441227e-16
4996.24655724 2.06269843811e-16
4998.43193817 1.83785651302e-16
5000.61731911 1.82934891742e-16
5002.80270004 1.83616959855e-16
5004.98808098 1.71641816801e-16
5007.17346191 1.65058309509e-16
5009.35884285 1.85099197885e-16
5011.54422379 2.00175805088e-16
5013.72960472 1.85724894822e-16
5015.91498566 1.58299286785e-16
5018.10036659 1.6879309588e-16
5020.28574753 1.76821745864e-16
5022.47112846 1.69811890036e-16
5024.6565094 1.93615069786e-16
5026.84189034 1.88066777193e-16
5029.02727127 1.83971418997e-16
5031.21265221 1.93751915764e-16
5033.39803314 1.98757513059e-16
5035.58341408 2.11697154421e-16
5037.76879501 2.02370096771e-16
5039.95417595 1.75160530421e-16
5042.13955688 1.67309541033e-16
5044.32493782 1.68997809131e-16
5046.51031876 1.85913844619e-16
5048.69569969 1.84349342582e-16
5050.88108063 1.81480802736e-16
5053.06646156 1.66036530472e-16
5055.2518425 1.5730214255e-16
5057.43722343 1.65031244001e-16
5059.62260437 1.74483698138e-16
5061.80798531 1.88607432975e-16
5063.99336624 1.86206554684e-16
5066.17874718 1.66419289569e-16
5068.36412811 1.75652422206e-16
5070.54950905 2.0648216493e-16
5072.73488998 2.06190653186e-16
5074.92027092 1.81142335861e-16
5077.10565186 1.95586936298e-16
5079.29103279 1.90957240743e-16
5081.47641373 1.81464127358e-16
5083.66179466 1.90721878765e-16
5085.8471756 1.83481720519e-16
5088.03255653 1.83293883836e-16
5090.21793747 1.80734618364e-16
5092.40331841 1.71313116024e-16
5094.58869934 1.87903980647e-16
5096.77408028 1.85707987449e-16
5098.95946121 1.81987427641e-16
5101.14484215 1.90367600646e-16
5103.33022308 1.76709845452e-16
5105.51560402 1.90305743286e-16
5107.70098495 1.91140463036e-16
5109.88636589 1.82046038299e-16
5112.07174683 1.90160067007e-16
5114.25712776 1.78372699687e-16
5116.4425087 1.6789581316e-16
5118.62788963 1.77709653238e-16
5120.81327057 1.81543051752e-16
5122.9986515 1.68793371161e-16
5125.18403244 1.51018634956e-16
5127.36941338 1.74502987967e-16
5129.55479431 1.99601576759e-16
5131.74017525 1.79104078975e-16
5133.92555618 1.93218762732e-16
5136.11093712 1.85798265136e-16
5138.29631805 1.67745580516e-16
5140.48169899 1.70542346197e-16
5142.66707993 1.77373698986e-16
5144.85246086 1.87675532994e-16
5147.0378418 1.68174771857e-16
5149.22322273 1.50059420687e-16
5151.40860367 1.68071951769e-16
5153.5939846 1.79547580435e-16
5155.77936554 1.95621537571e-16
5157.96474648 1.88659845055e-16
5160.15012741 2.01904483883e-16
5162.33550835 1.94897267838e-16
5164.52088928 1.97293014772e-16
5166.70627022 2.1652869151e-16
5168.89165115 2.15107609259e-16
5171.07703209 1.87325195402e-16
5173.26241302 2.10707751763e-16
5175.44779396 1.89539513912e-16
5177.6331749 1.99949948905e-16
5179.81855583 1.95288351951e-16
5182.00393677 1.77652405308e-16
5184.1893177 1.84083339831e-16
5186.37469864 2.1787742741e-16
5188.56007957 2.23324824332e-16
5190.74546051 2.30922304941e-16
5192.93084145 2.40410298692e-16
5195.11622238 2.49001323916e-16
5197.30160332 2.34971253813e-16
5199.48698425 2.15440629848e-16
5201.67236519 2.21478031865e-16
5203.85774612 2.39578706798e-16
5206.04312706 2.34610109382e-16
5208.228508 2.18087243565e-16
5210.41388893 2.15338706495e-16
5212.59926987 2.14911153069e-16
5214.7846508 1.9595798448e-16
5216.97003174 1.85246596862e-16
5219.15541267 2.01543769119e-16
5221.34079361 2.0152897779e-16
5223.52617455 2.1372756777e-16
5225.71155548 2.10840526578e-16
5227.89693642 1.93292142246e-16
5230.08231735 1.69501671644e-16
5232.26769829 1.70389526215e-16
5234.45307922 1.7027697862e-16
5236.63846016 1.69111481766e-16
5238.82384109 1.75377216956e-16
5241.00922203 1.86030723664e-16
5243.19460297 1.81429859929e-16
5245.3799839 1.6965286097e-16
5247.56536484 1.68441767032e-16
5249.75074577 1.64163029916e-16
5251.93612671 1.75592174449e-16
5254.12150764 1.53543157314e-16
5256.30688858 1.66071835422e-16
5258.49226952 1.74985934941e-16
5260.67765045 1.65987968295e-16
5262.86303139 1.76237380885e-16
5265.04841232 1.73284362907e-16
5267.23379326 1.62988027456e-16
5269.41917419 1.75463927193e-16
5271.60455513 1.6668601799e-16
5273.78993607 1.91567994478e-16
5275.975317 1.9401747338e-16
5278.16069794 1.80652276796e-16
5280.34607887 1.8460704146e-16
5282.53145981 1.69608026995e-16
5284.71684074 1.68146428839e-16
5286.90222168 1.65683112347e-16
5289.08760262 1.73688469469e-16
5291.27298355 1.90938638372e-16
5293.45836449 1.71035530401e-16
5295.64374542 1.89020606299e-16
5297.82912636 1.99713207463e-16
5300.01450729 1.95042778628e-16
5302.19988823 1.88652728732e-16
5304.38526916 2.00071419465e-16
5306.5706501 1.61727388185e-16
5308.75603104 1.64578770651e-16
5310.94141197 1.71588179727e-16
5313.12679291 1.7520591264e-16
5315.31217384 1.899158267e-16
5317.49755478 1.77173106053e-16
5319.68293571 1.59502132121e-16
5321.86831665 1.64284199001e-16
5324.05369759 1.74430370449e-16
5326.23907852 1.6444701609e-16
5328.42445946 1.54564483826e-16
5330.60984039 1.6442363265e-16
5332.79522133 1.73005304031e-16
5334.98060226 1.65009539056e-16
5337.1659832 1.75943023188e-16
5339.35136414 1.77218218518e-16
5341.53674507 1.71309798335e-16
5343.72212601 1.65553914956e-16
5345.90750694 1.52147342079e-16
5348.09288788 1.66505150318e-16
5350.27826881 1.93181765512e-16
5352.46364975 1.78258139531e-16
5354.64903069 1.68995691242e-16
5356.83441162 1.88404288311e-16
5359.01979256 1.88748414914e-16
5361.20517349 1.96034742007e-16
5363.39055443 1.93343313386e-16
5365.57593536 1.9355850163e-16
5367.7613163 1.70934261189e-16
5369.94669724 1.77731235271e-16
5372.13207817 1.87589659016e-16
5374.31745911 1.70362603523e-16
5376.50284004 1.77930752162e-16
5378.68822098 1.88141825566e-16
5380.87360191 1.82242587662e-16
5383.05898285 1.76236516028e-16
5385.24436378 1.92483382798e-16
5387.42974472 1.81653427228e-16
5389.61512566 1.84851665818e-16
5391.80050659 1.96182583351e-16
5393.98588753 1.9600323208e-16
5396.17126846 2.02085464964e-16
5398.3566494 1.86880423754e-16
5400.54203033 1.73321006394e-16
5402.72741127 1.7550767127e-16
5404.91279221 1.89478586465e-16
5407.09817314 1.85480547496e-16
5409.28355408 1.52333269414e-16
5411.46893501 1.80979372956e-16
5413.65431595 1.82454940877e-16
5415.83969688 1.77263423977e-16
5418.02507782 1.91473475877e-16
5420.21045876 1.75637221968e-16
5422.39583969 1.80335447314e-16
5424.58122063 1.85922601531e-16
5426.76660156 1.80634851674e-16
5428.9519825 1.80892334161e-16
5431.13736343 1.83596606751e-16
5433.32274437 1.89925100192e-16
5435.50812531 1.86743347919e-16
5437.69350624 1.84139786202e-16
5439.87888718 1.953426531e-16
5442.06426811 2.05586442098e-16
5444.24964905 2.05727889275e-16
5446.43502998 1.8873656495e-16
5448.62041092 1.97418351286e-16
5450.80579185 1.88781412363e-16
5452.99117279 1.68367632476e-16
5455.17655373 1.87423313727e-16
5457.36193466 1.94660856076e-16
5459.5473156 2.04783314068e-16
5461.73269653 2.08479599241e-16
5463.91807747 2.06599782824e-16
5466.1034584 2.15672468389e-16
5468.28883934 2.24635160502e-16
5470.47422028 2.12481110043e-16
5472.65960121 2.25275266499e-16
5474.84498215 2.08867405826e-16
5477.03036308 2.21676801518e-16
5479.21574402 2.35964971744e-16
5481.40112495 2.27544735106e-16
5483.58650589 2.18907162726e-16
5485.77188683 2.33113723774e-16
5487.95726776 2.43868046292e-16
5490.1426487 2.65277411081e-16
5492.32802963 2.75943711254e-16
5494.51341057 2.87697661842e-16
5496.6987915 2.99092607076e-16
5498.88417244 2.91801578696e-16
5501.06955338 2.91145074202e-16
5503.25493431 2.92233003124e-16
5505.44031525 2.72308560569e-16
5507.62569618 2.55702750938e-16
5509.81107712 2.47474024317e-16
5511.99645805 2.48686981422e-16
5514.18183899 2.29251574758e-16
5516.36721992 2.10280097134e-16
5518.55260086 2.1103849473e-16
5520.7379818 2.30819011818e-16
5522.92336273 2.46060557017e-16
5525.10874367 2.15870552364e-16
5527.2941246 2.15056552619e-16
5529.47950554 2.17555187941e-16
5531.66488647 2.11052795129e-16
5533.85026741 2.09463528801e-16
5536.03564835 1.90339781182e-16
5538.22102928 1.8730496742e-16
5540.40641022 2.01036147518e-16
5542.59179115 1.89418238547e-16
5544.77717209 1.80403231536e-16
5546.96255302 1.72652652148e-16
5549.14793396 2.10133353628e-16
5551.3333149 1.65537866535e-16
5553.51869583 1.84116593997e-16
5555.70407677 1.97324844544e-16
5557.8894577 1.80060556534e-16
5560.07483864 1.89326741347e-16
5562.26021957 1.81606053007e-16
5564.44560051 1.8667298403e-16
5566.63098145 1.84252703367e-16
5568.81636238 2.03447562897e-16
5571.00174332 1.88761685955e-16
5573.18712425 2.05060221968e-16
5575.37250519 1.92946719314e-16
5577.55788612 2.64315756791e-16
5579.74326706 1.8333618634e-16
5581.92864799 1.52530431897e-16
5584.11402893 1.86404657036e-16
5586.29940987 2.04484405167e-16
5588.4847908 1.71125219249e-16
5590.67017174 1.77513852381e-16
5592.85555267 1.88958087962e-16
5595.04093361 1.92251036855e-16
5597.22631454 1.72751836227e-16
5599.41169548 1.94684157145e-16
5601.59707642 1.66741708926e-16
5603.78245735 1.64875107211e-16
5605.96783829 1.88679133073e-16
5608.15321922 1.82073029974e-16
5610.33860016 1.7718095165e-16
5612.52398109 1.59143705183e-16
5614.70936203 1.74945124736e-16
5616.89474297 1.66449492429e-16
5619.0801239 1.63575312328e-16
5621.26550484 1.57645348914e-16
5623.45088577 1.750880276e-16
5625.63626671 1.82439107007e-16
5627.82164764 1.80239087956e-16
5630.00702858 1.74327548485e-16
5632.19240952 1.74671918566e-16
5634.37779045 1.81539047533e-16
5636.56317139 1.71639519197e-16
5638.74855232 1.88157689135e-16
5640.93393326 1.86795691947e-16
5643.11931419 1.90264523137e-16
5645.30469513 2.01829619023e-16
5647.49007606 1.85460231395e-16
5649.675457 1.91854434198e-16
5651.86083794 1.70501733598e-16
5654.04621887 1.84698894414e-16
5656.23159981 1.66773413419e-16
5658.41698074 1.91349034657e-16
5660.60236168 1.92462316852e-16
5662.78774261 1.92366467317e-16
5664.97312355 1.91417751033e-16
5667.15850449 1.92764327863e-16
5669.34388542 1.71281671448e-16
5671.52926636 1.76152296412e-16
5673.71464729 1.7806468695e-16
5675.90002823 1.80452123204e-16
5678.08540916 1.7963844527e-16
5680.2707901 1.86353511347e-16
5682.45617104 1.73242824682e-16
5684.64155197 1.77388048067e-16
5686.82693291 1.9252335852e-16
5689.01231384 1.72655398322e-16
5691.19769478 1.73301184618e-16
5693.38307571 1.93803271983e-16
5695.56845665 1.87252326867e-16
5697.75383759 2.03819098435e-16
5699.93921852 2.0631863513e-16
5702.12459946 1.99951766208e-16
5704.30998039 1.71690439692e-16
5706.49536133 1.77970540738e-16
5708.68074226 2.01012206973e-16
5710.8661232 1.93531319398e-16
5713.05150414 2.08075311376e-16
5715.23688507 1.94917685863e-16
5717.42226601 2.03669611823e-16
5719.60764694 2.04071378194e-16
5721.79302788 2.21354439887e-16
5723.97840881 2.10852055046e-16
5726.16378975 1.97186854718e-16
5728.34917068 1.93644786746e-16
5730.53455162 2.00315881966e-16
5732.71993256 2.10812919737e-16
5734.90531349 1.77026116461e-16
5737.09069443 2.03741536287e-16
5739.27607536 1.97912367361e-16
5741.4614563 1.88138980655e-16
5743.64683723 1.95451060122e-16
5745.83221817 1.92357834181e-16
5748.01759911 1.95946900139e-16
5750.20298004 1.98170466129e-16
5752.38836098 1.7531578264e-16
5754.57374191 1.82372690214e-16
5756.75912285 1.91785991451e-16
5758.94450378 1.93655875556e-16
5761.12988472 1.97824380776e-16
5763.31526566 2.08032655362e-16
5765.50064659 2.02564685318e-16
5767.68602753 1.86215277684e-16
5769.87140846 1.91365645593e-16
5772.0567894 1.87467489681e-16
5774.24217033 2.0125280703e-16
5776.42755127 1.97739064692e-16
5778.61293221 2.04604594e-16
5780.79831314 1.93038574784e-16
5782.98369408 2.09773886878e-16
5785.16907501 1.95392362203e-16
5787.35445595 2.15446743234e-16
5789.53983688 2.05614866088e-16
5791.72521782 2.00992747783e-16
5793.91059875 2.13021186126e-16
5796.09597969 1.87005676039e-16
5798.28136063 1.82077249065e-16
5800.46674156 1.84637292371e-16
5802.6521225 1.95567202165e-16
5804.83750343 2.11137393061e-16
5807.02288437 2.01169309109e-16
5809.2082653 1.86242381525e-16
5811.39364624 1.94757488392e-16
5813.57902718 1.72910999647e-16
5815.76440811 1.82489929297e-16
5817.94978905 1.98147312747e-16
5820.13516998 1.78574957934e-16
5822.32055092 1.93570723157e-16
5824.50593185 1.88555263212e-16
5826.69131279 1.70756103878e-16
5828.87669373 1.76539621157e-16
5831.06207466 1.8068450139e-16
5833.2474556 1.95770674093e-16
5835.43283653 1.75624641981e-16
5837.61821747 1.78643427413e-16
5839.8035984 1.98978956089e-16
5841.98897934 1.99579849165e-16
5844.17436028 1.71060628038e-16
5846.35974121 1.77952498144e-16
5848.54512215 1.92645404791e-16
5850.73050308 1.78375170035e-16
5852.91588402 1.97815185065e-16
5855.10126495 1.8127157283e-16
5857.28664589 1.91481808502e-16
5859.47202682 1.82390487193e-16
5861.65740776 1.9795351764e-16
5863.8427887 1.96034404208e-16
5866.02816963 1.92924800065e-16
5868.21355057 1.93174469136e-16
5870.3989315 1.99081703842e-16
5872.58431244 2.28076673335e-16
5874.76969337 2.03275621893e-16
5876.95507431 1.95957147735e-16
5879.14045525 1.89289661249e-16
5881.32583618 1.92946278769e-16
5883.51121712 1.8343283191e-16
5885.69659805 1.79642572823e-16
5887.88197899 2.03714688919e-16
5890.06735992 1.79429054569e-16
5892.25274086 1.75338363895e-16
5894.4381218 1.74725926598e-16
5896.62350273 1.76198936955e-16
5898.80888367 1.83803162945e-16
5900.9942646 1.87003239997e-16
5903.17964554 1.88641142739e-16
5905.36502647 1.86998336313e-16
5907.55040741 1.94317374138e-16
5909.73578835 1.98722469643e-16
5911.92116928 1.82748330009e-16
5914.10655022 1.81000841705e-16
5916.29193115 1.72233213826e-16
5918.47731209 1.6695688194e-16
5920.66269302 1.78271471843e-16
5922.84807396 1.95950731932e-16
5925.03345489 1.70413124067e-16
5927.21883583 1.7682386176e-16
5929.40421677 1.92251730021e-16
5931.5895977 1.77334030284e-16
5933.77497864 1.80037880628e-16
5935.96035957 1.76536876894e-16
5938.14574051 1.79274426981e-16
5940.33112144 1.85376433408e-16
5942.51650238 1.81408985752e-16
5944.70188332 1.69590786029e-16
5946.88726425 1.79747569698e-16
5949.07264519 1.82695821613e-16
5951.25802612 1.78530287241e-16
5953.44340706 1.64113692465e-16
5955.62878799 1.55180695077e-16
5957.81416893 1.6240555728e-16
5959.99954987 1.71096629556e-16
5962.1849308 1.74128435068e-16
5964.37031174 1.6140302033e-16
5966.55569267 1.49952904947e-16
5968.74107361 1.47740470177e-16
5970.92645454 1.64657550549e-16
5973.11183548 1.87338532793e-16
5975.29721642 1.83610152855e-16
5977.48259735 1.7255076782e-16
5979.66797829 1.71370687387e-16
5981.85335922 1.73868665881e-16
5984.03874016 1.86937426603e-16
5986.22412109 1.79512446252e-16
5988.40950203 1.59822285498e-16
5990.59488297 1.73252338933e-16
5992.7802639 1.67892939468e-16
5994.96564484 1.6063131609e-16
5997.15102577 1.63133799905e-16
5999.33640671 1.62045420539e-16
6001.52178764 1.69425647853e-16
6003.70716858 1.68227944368e-16
6005.89254951 1.58875042451e-16
6008.07793045 1.55805789991e-16
6010.26331139 1.73414164065e-16
6012.44869232 1.67923469946e-16
6014.63407326 1.69800601298e-16
6016.81945419 1.71250687682e-16
6019.00483513 1.55670797711e-16
6021.19021606 1.72834994259e-16
6023.375597 1.59109229134e-16
6025.56097794 1.49781054794e-16
6027.74635887 1.59417204074e-16
6029.93173981 1.42470780923e-16
6032.11712074 1.50739653437e-16
6034.30250168 1.50647233939e-16
6036.48788261 1.47915385309e-16
6038.67326355 1.78838664885e-16
6040.85864449 1.87676506608e-16
6043.04402542 1.73481613462e-16
6045.22940636 1.59495641076e-16
6047.41478729 1.54255135046e-16
6049.60016823 1.57682609426e-16
6051.78554916 1.59173048452e-16
6053.9709301 1.5781900272e-16
6056.15631104 1.59189530768e-16
6058.34169197 1.66523573402e-16
6060.52707291 1.62523105705e-16
6062.71245384 1.54137158661e-16
6064.89783478 1.61913159988e-16
6067.08321571 1.75565046296e-16
6069.26859665 1.59914924723e-16
6071.45397758 1.51410470054e-16
6073.63935852 1.69077072084e-16
6075.82473946 1.74736470166e-16
6078.01012039 1.67243122187e-16
6080.19550133 1.5459326928e-16
6082.38088226 1.53289766528e-16
6084.5662632 1.47935351848e-16
6086.75164413 1.73451634119e-16
6088.93702507 2.00151145003e-16
6091.12240601 1.92489121854e-16
6093.30778694 1.82952203269e-16
6095.49316788 1.92687126506e-16
6097.67854881 1.96029874564e-16
6099.86392975 1.84281428062e-16
6102.04931068 1.85407998759e-16
6104.23469162 1.89908509141e-16
6106.42007256 1.96200281539e-16
6108.60545349 1.99357357399e-16
6110.79083443 2.00773958067e-16
6112.97621536 2.06846872175e-16
6115.1615963 2.20530854939e-16
6117.34697723 2.28817123339e-16
6119.53235817 2.0996498193e-16
6121.71773911 2.34821344943e-16
6123.90312004 2.50725891221e-16
6126.08850098 2.46779799427e-16
6128.27388191 2.6142857434e-16
6130.45926285 2.5524877971e-16
6132.64464378 2.56456542956e-16
6134.83002472 2.69660854378e-16
6137.01540565 2.89122794353e-16
6139.20078659 3.08080024961e-16
6141.38616753 3.13071159775e-16
6143.57154846 3.23515981153e-16
6145.7569294 3.42900322649e-16
6147.94231033 3.50634646378e-16
6150.12769127 3.91725981336e-16
6152.3130722 4.42012390106e-16
6154.49845314 4.7815559569e-16
6156.68383408 5.12857566665e-16
6158.86921501 5.0360983556e-16
6161.05459595 4.6769949385e-16
6163.23997688 4.34839625976e-16
6165.42535782 4.14505566815e-16
6167.61073875 3.9343196616e-16
6169.79611969 3.43113965589e-16
6171.98150063 3.19981595585e-16
6174.16688156 3.1373952531e-16
6176.3522625 3.02157970682e-16
6178.53764343 2.95129958888e-16
6180.72302437 2.77920992716e-16
6182.9084053 2.70049926202e-16
6185.09378624 2.58761975873e-16
6187.27916718 2.49792011362e-16
6189.46454811 2.46711258501e-16
6191.64992905 2.27115763339e-16
6193.83530998 2.12886006785e-16
6196.02069092 2.14697233357e-16
6198.20607185 2.0979047593e-16
6200.39145279 2.21632015919e-16
6202.57683372 2.06831907863e-16
6204.76221466 1.99258735453e-16
6206.9475956 2.10957210061e-16
6209.13297653 1.9372794573e-16
6211.31835747 1.83217980263e-16
6213.5037384 1.81491576177e-16
6215.68911934 1.74304880968e-16
6217.87450027 1.8511362774e-16
6220.05988121 1.93703697126e-16
6222.24526215 1.84162197217e-16
6224.43064308 1.71696553212e-16
6226.61602402 1.72261234606e-16
6228.80140495 1.74648132386e-16
6230.98678589 1.6400570383e-16
6233.17216682 1.76228544214e-16
6235.35754776 1.88427684324e-16
6237.5429287 1.82751197573e-16
6239.72830963 1.80351412239e-16
6241.91369057 1.76319574441e-16
6244.0990715 1.69600135102e-16
6246.28445244 1.68974816082e-16
6248.46983337 1.80052701682e-16
6250.65521431 1.70475968655e-16
6252.84059525 1.65580789829e-16
6255.02597618 1.67877606232e-16
6257.21135712 1.65564200613e-16
6259.39673805 1.7193371505e-16
6261.58211899 1.62621334795e-16
6263.76749992 1.70625956383e-16
6265.95288086 1.66309162942e-16
6268.13826179 1.54362551456e-16
6270.32364273 1.64968168497e-16
6272.50902367 1.66738389871e-16
6274.6944046 1.68501742925e-16
6276.87978554 1.67474421543e-16
6279.06516647 1.73724014128e-16
6281.25054741 1.8487750166e-16
6283.43592834 1.69096293018e-16
6285.62130928 1.54083279151e-16
6287.80669022 1.56854612291e-16
6289.99207115 1.53297839686e-16
6292.17745209 1.54781839892e-16
6294.36283302 1.60886943569e-16
6296.54821396 1.48660046129e-16
6298.73359489 1.32376112304e-16
6300.91897583 1.49003361861e-16
6303.10435677 1.60838818958e-16
6305.2897377 1.4138533155e-16
6307.47511864 1.51642768627e-16
6309.66049957 1.64167327735e-16
6311.84588051 1.5612224452e-16
6314.03126144 1.5585106739e-16
6316.21664238 1.52381406812e-16
6318.40202332 1.56468162517e-16
6320.58740425 1.66429977657e-16
6322.77278519 1.76227634796e-16
6324.95816612 1.66580156283e-16
6327.14354706 1.61743485603e-16
6329.32892799 1.67881348558e-16
6331.51430893 1.84168930667e-16
6333.69968987 2.04013774715e-16
6335.8850708 2.24261498736e-16
6338.07045174 2.52099144649e-16
6340.25583267 2.53661967359e-16
6342.44121361 2.56057004425e-16
6344.62659454 2.35325900917e-16
6346.81197548 2.13572227796e-16
6348.99735641 1.97965635212e-16
6351.18273735 1.79640332448e-16
6353.36811829 1.7664276014e-16
6355.55349922 1.75682799984e-16
6357.73888016 1.79787563515e-16
6359.92426109 1.78402196513e-16
6362.10964203 1.78623695682e-16
6364.29502296 1.77780087442e-16
6366.4804039 1.66895478412e-16
6368.66578484 1.68212558843e-16
6370.85116577 1.75137947178e-16
6373.03654671 1.72165397335e-16
6375.22192764 1.67836248489e-16
6377.40730858 1.6022383463e-16
6379.59268951 1.65846043037e-16
6381.77807045 1.62941913413e-16
6383.96345139 1.48843302257e-16
6386.14883232 1.53304219207e-16
6388.33421326 1.64487793872e-16
6390.51959419 1.74440068667e-16
6392.70497513 1.66315361809e-16
6394.89035606 1.57011734081e-16
6397.075737 1.60654271988e-16
6399.26111794 1.51596873907e-16
6401.44649887 1.565399741e-16
6403.63187981 1.56156284387e-16
6405.81726074 1.4688683857e-16
6408.00264168 1.47203226227e-16
6410.18802261 1.51275984353e-16
6412.37340355 1.62840473629e-16
6414.55878448 1.56065857978e-16
6416.74416542 1.50557506495e-16
6418.92954636 1.54242248836e-16
6421.11492729 1.48162127483e-16
6423.30030823 1.3769883762e-16
6425.48568916 1.36208841533e-16
6427.6710701 1.39821089769e-16
6429.85645103 1.51768709102e-16
6432.04183197 1.4576792487e-16
6434.22721291 1.45315880509e-16
6436.41259384 1.47956411361e-16
6438.59797478 1.42394319018e-16
6440.78335571 1.46353706623e-16
6442.96873665 1.48356288567e-16
6445.15411758 1.48279539072e-16
6447.33949852 1.4114048123e-16
6449.52487946 1.48809789711e-16
6451.71026039 1.38251095098e-16
6453.89564133 1.31496388987e-16
6456.08102226 1.35624024196e-16
6458.2664032 1.36080842666e-16
6460.45178413 1.32031708535e-16
6462.63716507 1.29173227748e-16
6464.82254601 1.33601792131e-16
6467.00792694 1.34399363515e-16
6469.19330788 1.41787385053e-16
6471.37868881 1.51790118347e-16
6473.56406975 1.60847474982e-16
6475.74945068 1.55320131575e-16
6477.93483162 1.49626366322e-16
6480.12021255 1.55653885753e-16
6482.30559349 1.61756546816e-16
6484.49097443 1.73632195774e-16
6486.67635536 1.70093960921e-16
6488.8617363 1.58874610324e-16
6491.04711723 1.58657901362e-16
6493.23249817 1.52250291971e-16
6495.4178791 1.52193532597e-16
6497.60326004 1.59396071576e-16
6499.78864098 1.54372237432e-16
6501.97402191 1.4464233133e-16
6504.15940285 1.49433455331e-16
6506.34478378 1.51007288916e-16
6508.53016472 1.46957538073e-16
6510.71554565 1.52494026289e-16
6512.90092659 1.52117025291e-16
6515.08630753 1.54864778535e-16
6517.27168846 1.70108959525e-16
6519.4570694 1.67450133846e-16
6521.64245033 1.6874417711e-16
6523.82783127 1.7499962622e-16
6526.0132122 1.72476247724e-16
6528.19859314 1.74926679571e-16
6530.38397408 1.66002750698e-16
6532.56935501 1.59833068672e-16
6534.75473595 1.59144800917e-16
6536.94011688 1.81213672957e-16
6539.12549782 1.78962717288e-16
6541.31087875 1.75575052129e-16
6543.49625969 1.61357263744e-16
6545.68164062 1.49789806954e-16
6547.86702156 1.61642428565e-16
6550.0524025 1.69988452995e-16
6552.23778343 1.76814675885e-16
6554.42316437 1.88922596651e-16
6556.6085453 1.88086881099e-16
6558.79392624 1.79347074613e-16
6560.97930717 1.74415407851e-16
6563.16468811 1.72471274791e-16
6565.35006905 1.72040845753e-16
6567.53544998 1.70750984197e-16
6569.72083092 1.60098171112e-16
6571.90621185 1.65302917778e-16
6574.09159279 1.75448315445e-16
6576.27697372 1.6007128886e-16
6578.46235466 1.58907281458e-16
6580.6477356 1.64510519353e-16
6582.83311653 1.47507297049e-16
6585.01849747 1.65953795316e-16
6587.2038784 1.8244114456e-16
6589.38925934 1.70920215245e-16
6591.57464027 1.74484419999e-16
6593.76002121 1.50089487922e-16
6595.94540215 1.44041045307e-16
6598.13078308 1.57285752674e-16
6600.31616402 1.71472626847e-16
6602.50154495 1.44092661547e-16
6604.68692589 1.44904100579e-16
6606.87230682 1.59697511992e-16
6609.05768776 1.67453979907e-16
6611.24306869 1.54463494399e-16
6613.42844963 1.60502840096e-16
6615.61383057 1.74650306602e-16
6617.7992115 1.55378089795e-16
6619.98459244 1.52808488521e-16
6622.16997337 1.61324552415e-16
6624.35535431 1.55745170691e-16
6626.54073524 1.47089431354e-16
6628.72611618 1.5912033211e-16
6630.91149712 1.66527594013e-16
6633.09687805 1.70445297383e-16
6635.28225899 1.66221708361e-16
6637.46763992 1.65860320265e-16
6639.65302086 1.82877226657e-16
6641.83840179 1.59540995691e-16
6644.02378273 1.64808519255e-16
6646.20916367 1.77023606965e-16
6648.3945446 1.54358385111e-16
6650.57992554 1.56062061171e-16
6652.76530647 1.60003747994e-16
6654.95068741 1.67776063921e-16
6657.13606834 1.70531915161e-16
6659.32144928 1.61226742412e-16
6661.50683022 1.51445673624e-16
6663.69221115 1.52564625855e-16
6665.87759209 1.61083956955e-16
6668.06297302 1.65272833608e-16
6670.24835396 1.88189781135e-16
6672.43373489 1.66528002667e-16
6674.61911583 1.78375754713e-16
6676.80449677 1.72999124514e-16
6678.9898777 1.78205759561e-16
6681.17525864 1.7352218794e-16
6683.36063957 1.71314671347e-16
6685.54602051 1.62782172199e-16
6687.73140144 1.62605985821e-16
6689.91678238 1.69932882989e-16
6692.10216331 1.59495629433e-16
6694.28754425 1.52123862823e-16
6696.47292519 1.52087152865e-16
6698.65830612 1.55054747356e-16
6700.84368706 1.53082561202e-16
6703.02906799 1.62922158436e-16
6705.21444893 1.66141966267e-16
6707.39982986 1.78893793966e-16
6709.5852108 1.69270081375e-16
6711.77059174 1.54124075041e-16
6713.95597267 1.53368773215e-16
6716.14135361 1.56460968586e-16
6718.32673454 1.60188105378e-16
6720.51211548 1.74213970236e-16
6722.69749641 1.6457131008e-16
6724.88287735 1.87100066842e-16
6727.06825829 1.63919940558e-16
6729.25363922 1.58578896247e-16
6731.43902016 1.66176887036e-16
6733.62440109 1.727241511e-16
6735.80978203 1.74990748983e-16
6737.99516296 1.83744822845e-16
6740.1805439 1.68097747191e-16
6742.36592484 1.71556814395e-16
6744.55130577 1.66850154706e-16
6746.73668671 1.54640010145e-16
6748.92206764 1.67104274697e-16
6751.10744858 1.53286764935e-16
6753.29282951 1.56090882825e-16
6755.47821045 1.60679922436e-16
6757.66359138 1.51330968303e-16
6759.84897232 1.54940569494e-16
6762.03435326 1.51567327241e-16
6764.21973419 1.65688747051e-16
6766.40511513 1.61525234143e-16
6768.59049606 1.53682067444e-16
6770.775877 1.59118336231e-16
6772.96125793 1.63043591852e-16
6775.14663887 1.51725448897e-16
6777.33201981 1.49718739758e-16
6779.51740074 1.56628675561e-16
6781.70278168 1.57935940759e-16
6783.88816261 1.65796101956e-16
6786.07354355 1.48532239846e-16
6788.25892448 1.4763226158e-16
6790.44430542 1.60768301614e-16
6792.62968636 1.53272665616e-16
6794.81506729 1.61781559492e-16
6797.00044823 1.65747921267e-16
6799.18582916 1.46632557379e-16
6801.3712101 1.53923689692e-16
6803.55659103 1.53259666826e-16
6805.74197197 1.40551413441e-16
6807.92735291 1.43358154423e-16
6810.11273384 1.71044652076e-16
6812.29811478 1.41699420548e-16
6814.48349571 1.65058671564e-16
6816.66887665 1.47524583192e-16
6818.85425758 1.42205778479e-16
6821.03963852 1.52359564925e-16
6823.22501945 1.54575596963e-16
6825.41040039 1.5707335983e-16
6827.59578133 1.4584856513e-16
6829.78116226 1.52138339281e-16
6831.9665432 1.6181915046e-16
6834.15192413 1.4476040552e-16
6836.33730507 1.5519614579e-16
6838.522686 1.48468408661e-16
6840.70806694 1.44246315618e-16
6842.89344788 1.39745553672e-16
6845.07882881 1.54577150341e-16
6847.26420975 1.48163692475e-16
6849.44959068 1.57423391916e-16
6851.63497162 1.54635760742e-16
6853.82035255 1.62758924867e-16
6856.00573349 1.41778249527e-16
6858.19111443 1.53869044225e-16
6860.37649536 1.65855267145e-16
6862.5618763 1.75286090096e-16
6864.74725723 1.42590538737e-16
6866.93263817 1.07129662593e-16
6869.1180191 9.80151892395e-17
6871.30340004 1.23915256892e-16
6873.48878098 1.40503023657e-16
6875.67416191 1.47945364379e-16
6877.85954285 1.45760205428e-16
6880.04492378 1.49419659637e-16
6882.23030472 1.34207787961e-16
6884.41568565 1.47795133894e-16
6886.60106659 1.41226643531e-16
6888.78644752 1.44758761352e-16
6890.97182846 1.51796243584e-16
6893.1572094 1.30957310385e-16
6895.34259033 1.32853477847e-16
6897.52797127 1.32209291449e-16
6899.7133522 1.23343890174e-16
6901.89873314 1.38008945608e-16
6904.08411407 1.47875788595e-16
6906.26949501 1.33253776179e-16
6908.45487595 1.16982903755e-16
6910.64025688 1.37891724838e-16
6912.82563782 1.42740759446e-16
6915.01101875 1.4266138167e-16
6917.19639969 1.45645099656e-16
6919.38178062 1.32052218713e-16
6921.56716156 1.50358270243e-16
6923.7525425 1.29961074983e-16
6925.93792343 1.48426758721e-16
6928.12330437 1.49532653887e-16
6930.3086853 1.45337568925e-16
6932.49406624 1.35682771804e-16
6934.67944717 1.26215274967e-16
6936.86482811 1.34062497115e-16
6939.05020905 1.34329321259e-16
6941.23558998 1.43983580818e-16
6943.42097092 1.42169880176e-16
6945.60635185 1.53937376201e-16
6947.79173279 1.59177858657e-16
6949.97711372 1.5132886456e-16
6952.16249466 1.36121251457e-16
6954.34787559 1.27720565512e-16
6956.53325653 1.50111616427e-16
6958.71863747 1.50093729394e-16
6960.9040184 1.51436387366e-16
6963.08939934 1.38577138331e-16
6965.27478027 1.36214174333e-16
6967.46016121 1.53035083244e-16
6969.64554214 1.57950431047e-16
6971.83092308 1.57522991893e-16
6974.01630402 1.66180789277e-16
6976.20168495 1.59035205424e-16
6978.38706589 1.33610079951e-16
6980.57244682 1.56904486126e-16
6982.75782776 1.65654734228e-16
6984.94320869 1.55218446028e-16
6987.12858963 1.72613219844e-16
6989.31397057 1.66686208331e-16
6991.4993515 1.45262136134e-16
6993.68473244 1.42626459833e-16
6995.87011337 1.60192528857e-16
6998.05549431 1.47156270288e-16
7000.24087524 1.42107029542e-16
7002.42625618 1.51163543318e-16
7004.61163712 1.5462508628e-16
7006.79701805 1.51750015463e-16
7008.98239899 1.3885595506e-16
7011.16777992 1.46483894812e-16
7013.35316086 1.58623750449e-16
7015.53854179 1.44492810478e-16
7017.72392273 1.42219714922e-16
7019.90930367 1.5782367832e-16
7022.0946846 1.53247938432e-16
7024.28006554 1.49370352562e-16
7026.46544647 1.40181321345e-16
7028.65082741 1.38739597674e-16
7030.83620834 1.50064199039e-16
7033.02158928 1.49913491952e-16
7035.20697021 1.40918109865e-16
7037.39235115 1.34356279692e-16
7039.57773209 1.46579688112e-16
7041.76311302 1.48750074816e-16
7043.94849396 1.40491748842e-16
7046.13387489 1.45846749624e-16
7048.31925583 1.4322525426e-16
7050.50463676 1.3496697316e-16
7052.6900177 1.42483195283e-16
7054.87539864 1.45324253861e-16
7057.06077957 1.36168416896e-16
7059.24616051 1.5618914933e-16
7061.43154144 1.52956386525e-16
7063.61692238 1.40119882963e-16
7065.80230331 1.55909662242e-16
7067.98768425 1.52211686626e-16
7070.17306519 1.40344836428e-16
7072.35844612 1.29639403399e-16
7074.54382706 1.43243480451e-16
7076.72920799 1.35588101498e-16
7078.91458893 1.38177983486e-16
7081.09996986 1.3344881357e-16
7083.2853508 1.21842210034e-16
7085.47073174 1.26711958304e-16
7087.65611267 1.41862033626e-16
7089.84149361 1.41526987817e-16
7092.02687454 1.40682807299e-16
7094.21225548 1.54029430338e-16
7096.39763641 1.31420342058e-16
7098.58301735 1.38371344779e-16
7100.76839828 1.52396729549e-16
7102.95377922 1.4963599537e-16
7105.13916016 1.56561261514e-16
7107.32454109 1.51107090873e-16
7109.50992203 1.4680154917e-16
7111.69530296 1.38868595566e-16
7113.8806839 1.58996795311e-16
7116.06606483 1.61907009047e-16
7118.25144577 1.46855978612e-16
7120.43682671 1.25108793168e-16
7122.62220764 1.53890869205e-16
7124.80758858 1.47727010939e-16
7126.99296951 1.45356045384e-16
7129.17835045 1.57718356693e-16
7131.36373138 1.64803924989e-16
7133.54911232 1.56229554161e-16
7135.73449326 1.45970105318e-16
7137.91987419 1.4525774642e-16
7140.10525513 1.48912431283e-16
7142.29063606 1.49267865048e-16
7144.476017 1.48837030283e-16
7146.66139793 1.47709876229e-16
7148.84677887 1.51749935721e-16
7151.03215981 1.36230038239e-16
7153.21754074 1.43769802859e-16
7155.40292168 1.493733134e-16
7157.58830261 1.39554555633e-16
7159.77368355 1.33971449618e-16
7161.95906448 1.35602257678e-16
7164.14444542 1.43823787701e-16
7166.32982635 1.32782696977e-16
7168.51520729 1.48669335538e-16
7170.70058823 1.51533102927e-16
7172.88596916 1.62832677152e-16
7175.0713501 1.36029123351e-16
7177.25673103 1.4563698027e-16
7179.44211197 1.4063071059e-16
7181.6274929 1.40092994706e-16
7183.81287384 1.40843749992e-16
7185.99825478 1.41864172285e-16
7188.18363571 1.48088748355e-16
7190.36901665 1.60589554957e-16
7192.55439758 1.55113503796e-16
7194.73977852 1.3308128693e-16
7196.92515945 1.4956958546e-16
7199.11054039 1.51962288709e-16
7201.29592133 1.45826549362e-16
7203.48130226 1.46124570167e-16
7205.6666832 1.42336022406e-16
7207.85206413 1.61258721312e-16
7210.03744507 1.3538170084e-16
7212.222826 1.44989467585e-16
7214.40820694 1.47237976346e-16
7216.59358788 1.25506047048e-16
7218.77896881 1.44087792188e-16
7220.96434975 1.45750687835e-16
7223.14973068 1.25293639855e-16
7225.33511162 1.44677375469e-16
7227.52049255 1.47604305775e-16
7229.70587349 1.39048039061e-16
7231.89125442 1.43512967016e-16
7234.07663536 1.44413482844e-16
7236.2620163 1.27743762955e-16
7238.44739723 1.43469445186e-16
7240.63277817 1.55182826268e-16
7242.8181591 1.48429571539e-16
7245.00354004 1.31733302675e-16
7247.18892097 1.35156186408e-16
7249.37430191 1.28836640587e-16
7251.55968285 1.2664808455e-16
7253.74506378 1.1998721074e-16
7255.93044472 1.33200953168e-16
7258.11582565 1.439621194e-16
7260.30120659 1.44604719258e-16
7262.48658752 1.44938218012e-16
7264.67196846 1.28525722966e-16
7266.8573494 1.33223956313e-16
7269.04273033 1.38800431347e-16
7271.22811127 1.37944071854e-16
7273.4134922 1.44840823497e-16
7275.59887314 1.50908291909e-16
7277.78425407 1.63738840521e-16
7279.96963501 1.42124475125e-16
7282.15501595 1.37103355351e-16
7284.34039688 1.57484165037e-16
7286.52577782 1.40177838732e-16
7288.71115875 1.40315295666e-16
7290.89653969 1.21955782697e-16
7293.08192062 1.33962361955e-16
7295.26730156 1.39178710319e-16
7297.4526825 1.34351663942e-16
7299.63806343 1.49226819919e-16
7301.82344437 1.59636871887e-16
7304.0088253 1.41292553849e-16
7306.19420624 1.25839211201e-16
7308.37958717 1.34086852876e-16
7310.56496811 1.4692271968e-16
7312.75034904 1.42575466025e-16
7314.93572998 1.51248317304e-16
7317.12111092 1.46404682571e-16
7319.30649185 1.32621161798e-16
7321.49187279 1.41117123289e-16
7323.67725372 1.38491408531e-16
7325.86263466 1.4063745534e-16
7328.04801559 1.33107736459e-16
7330.23339653 1.31582689174e-16
7332.41877747 1.29359312894e-16
7334.6041584 1.29363583056e-16
7336.78953934 1.35955255517e-16
7338.97492027 1.31785181568e-16
7341.16030121 1.2609464109e-16
7343.34568214 1.44458811419e-16
7345.53106308 1.48818875648e-16
7347.71644402 1.3089194934e-16
7349.90182495 1.20247093243e-16
7352.08720589 1.43795981359e-16
7354.27258682 1.44503835802e-16
7356.45796776 1.54889972761e-16
7358.64334869 1.44124263074e-16
7360.82872963 1.44402648586e-16
7363.01411057 1.44078297866e-16
7365.1994915 1.2623579983e-16
7367.38487244 1.4085365973e-16
7369.57025337 1.41090310148e-16
7371.75563431 1.15793503509e-16
7373.94101524 1.29622098159e-16
7376.12639618 1.52419926239e-16
7378.31177711 1.44430871911e-16
7380.49715805 1.4779384028e-16
7382.68253899 1.43840300514e-16
7384.86791992 1.5073146522e-16
7387.05330086 1.45734896479e-16
7389.23868179 1.52433872522e-16
7391.42406273 1.4536130942e-16
7393.60944366 1.40704019346e-16
7395.7948246 1.34852108798e-16
7397.98020554 1.31089682504e-16
7400.16558647 1.4325104142e-16
7402.35096741 1.49668633075e-16
7404.53634834 1.57719443089e-16
7406.72172928 1.5633211737e-16
7408.90711021 1.46631774279e-16
7411.09249115 1.52213931594e-16
7413.27787209 1.31532526031e-16
7415.46325302 1.49471743678e-16
7417.64863396 1.52716329426e-16
7419.83401489 1.59513157361e-16
7422.01939583 1.85794849983e-16
7424.20477676 1.77286153328e-16
7426.3901577 1.5661382405e-16
7428.57553864 1.65409223252e-16
7430.76091957 1.63764059231e-16
7432.94630051 1.64010680904e-16
7435.13168144 1.80562861619e-16
7437.31706238 1.70643073497e-16
7439.50244331 1.82593647678e-16
7441.68782425 1.71550982872e-16
7443.87320518 1.70368200104e-16
7446.05858612 1.53350375767e-16
7448.24396706 1.60749100527e-16
7450.42934799 1.69624532645e-16
7452.61472893 1.55553946934e-16
7454.80010986 1.50706937696e-16
7456.9854908 1.64798079485e-16
7459.17087173 1.61587504876e-16
7461.35625267 1.60510881686e-16
7463.54163361 1.65554652713e-16
7465.72701454 1.48145271232e-16
7467.91239548 1.56905679724e-16
7470.09777641 1.63503957475e-16
7472.28315735 1.57108882843e-16
7474.46853828 1.49377040362e-16
7476.65391922 1.57914261141e-16
7478.83930016 1.62706925688e-16
7481.02468109 1.55280385586e-16
7483.21006203 1.68604857124e-16
7485.39544296 1.51382677846e-16
7487.5808239 1.55073948595e-16
7489.76620483 1.61772208473e-16
7491.95158577 1.42827651039e-16
7494.13696671 1.45394474951e-16
7496.32234764 1.51115244131e-16
7498.50772858 1.39110970577e-16
7500.69310951 1.38407417174e-16
7502.87849045 1.50310237599e-16
7505.06387138 1.23094673227e-16
7507.24925232 1.43570046743e-16
7509.43463325 1.66077675183e-16
7511.62001419 1.32315682856e-16
7513.80539513 1.45081253818e-16
7515.99077606 1.44731990565e-16
7518.176157 1.23761627904e-16
7520.36153793 1.29674181547e-16
7522.54691887 1.51684293318e-16
7524.7322998 1.45760744181e-16
7526.91768074 1.3150715877e-16
7529.10306168 1.41297229653e-16
7531.28844261 1.52640148811e-16
7533.47382355 1.50337636512e-16
7535.65920448 1.42178654207e-16
7537.84458542 1.40122968618e-16
7540.02996635 1.46465163204e-16
7542.21534729 1.4409969549e-16
7544.40072823 1.47691817406e-16
7546.58610916 1.43763628411e-16
7548.7714901 1.42834894422e-16
7550.95687103 1.42900954678e-16
7553.14225197 1.47565549944e-16
7555.3276329 1.48717926289e-16
7557.51301384 1.57576836348e-16
7559.69839478 1.52680551695e-16
7561.88377571 1.3376296441e-16
7564.06915665 1.50621132967e-16
7566.25453758 1.53348952717e-16
7568.43991852 1.47855129769e-16
7570.62529945 1.4865530286e-16
7572.81068039 1.51700495733e-16
7574.99606132 1.65414147446e-16
7577.18144226 1.54136226913e-16
7579.3668232 1.49734975035e-16
7581.55220413 1.59467098546e-16
7583.73758507 1.67212438977e-16
7585.922966 1.54931023763e-16
7588.10834694 1.44234999721e-16
7590.29372787 1.54255112888e-16
7592.47910881 1.63888139243e-16
7594.66448975 1.67829065964e-16
7596.84987068 1.63978575441e-16
7599.03525162 1.54338568842e-16
7601.22063255 1.61559404201e-16
7603.40601349 1.10439605924e-16
7605.59139442 1.16079106999e-16
7607.77677536 1.52070146426e-16
7609.9621563 1.44439576866e-16
7612.14753723 1.52309995552e-16
7614.33291817 1.65076819851e-16
7616.5182991 1.54315472013e-16
7618.70368004 1.80453738219e-16
7620.88906097 1.95199725297e-16
7623.07444191 1.35258041584e-16
7625.25982285 1.31156701808e-16
7627.44520378 1.59832758405e-16
7629.63058472 1.27271143848e-16
7631.81596565 1.39432405991e-16
7634.00134659 1.82637063461e-16
7636.18672752 1.68085564541e-16
7638.37210846 1.56706481465e-16
7640.5574894 1.56502255764e-16
7642.74287033 1.51540517404e-16
7644.92825127 1.42396496819e-16
7647.1136322 1.68984468332e-16
7649.29901314 1.66489902003e-16
7651.48439407 1.53487702445e-16
7653.66977501 1.27543666264e-16
7655.85515594 1.08809253678e-16
7658.04053688 1.23949192866e-16
7660.22591782 1.27620417145e-16
7662.41129875 1.40372459757e-16
7664.59667969 1.21601047046e-16
7666.78206062 1.22220659677e-16
7668.96744156 1.32610176177e-16
7671.15282249 1.46552820811e-16
7673.33820343 1.38432414659e-16
7675.52358437 1.32802701552e-16
7677.7089653 1.48794267759e-16
7679.89434624 1.50018523036e-16
7682.07972717 1.48915018831e-16
7684.26510811 1.49022265458e-16
7686.45048904 1.53247341563e-16
7688.63586998 1.47715163648e-16
7690.82125092 1.35853851935e-16
7693.00663185 1.56577860387e-16
7695.19201279 1.34828997725e-16
7697.37739372 1.3363415505e-16
7699.56277466 1.33289871089e-16
7701.74815559 1.52366020318e-16
7703.93353653 1.58755963462e-16
7706.11891747 1.45433091463e-16
7708.3042984 1.57965445264e-16
7710.48967934 1.57644935065e-16
7712.67506027 1.70501687729e-16
7714.86044121 1.73459957555e-16
7717.04582214 1.51811533577e-16
7719.23120308 1.34359414212e-16
7721.41658401 1.30335956865e-16
7723.60196495 1.51125864792e-16
7725.78734589 1.59359100661e-16
7727.97272682 1.70643003597e-16
7730.15810776 1.49843770598e-16
7732.34348869 1.62631782776e-16
7734.52886963 1.69389331526e-16
7736.71425056 1.56418388762e-16
7738.8996315 1.39551539295e-16
7741.08501244 1.59053761033e-16
7743.27039337 1.42971511133e-16
7745.45577431 1.37892580487e-16
7747.64115524 1.42340165642e-16
7749.82653618 1.60436772179e-16
7752.01191711 1.18528268764e-16
7754.19729805 1.32724161748e-16
7756.38267899 1.44393933919e-16
7758.56805992 1.38568149764e-16
7760.75344086 1.52119404913e-16
7762.93882179 1.41548498283e-16
7765.12420273 1.41581132257e-16
7767.30958366 1.49044733519e-16
7769.4949646 1.37687067851e-16
7771.68034554 1.56437933687e-16
7773.86572647 1.42761705221e-16
7776.05110741 1.42230481122e-16
7778.23648834 1.68192956163e-16
7780.42186928 1.56006779729e-16
7782.60725021 1.240252904e-16
7784.79263115 1.35047228103e-16
7786.97801208 1.32762916264e-16
7789.16339302 1.63691998463e-16
7791.34877396 1.35113552286e-16
7793.53415489 1.33525593832e-16
7795.71953583 1.36580950857e-16
7797.90491676 1.30501441198e-16
7800.0902977 1.45445804545e-16
7802.27567863 1.48947680916e-16
7804.46105957 1.51339352371e-16
7806.64644051 1.4882464711e-16
7808.83182144 1.61910715518e-16
7811.01720238 1.57269999228e-16
7813.20258331 1.30791174909e-16
7815.38796425 1.589684393e-16
7817.57334518 1.83089181741e-16
7819.75872612 1.53951742032e-16
7821.94410706 1.4726772363e-16
7824.12948799 1.41200522406e-16
7826.31486893 1.46586465707e-16
7828.50024986 1.43703594399e-16
7830.6856308 1.33649686723e-16
7832.87101173 1.4011785952e-16
7835.05639267 1.5202387468e-16
7837.24177361 1.64274640894e-16
7839.42715454 1.58350673474e-16
7841.61253548 1.37281609861e-16
7843.79791641 1.32298838457e-16
7845.98329735 1.27525948562e-16
7848.16867828 1.23238695337e-16
7850.35405922 1.3477147381e-16
7852.53944015 1.26754753009e-16
7854.72482109 1.33531938877e-16
7856.91020203 1.50302811238e-16
7859.09558296 1.41235303081e-16
7861.2809639 1.484171417e-16
7863.46634483 1.63884188383e-16
7865.65172577 1.64809276782e-16
7867.8371067 1.40033079048e-16
7870.02248764 1.38470620603e-16
7872.20786858 1.44332134594e-16
7874.39324951 1.30162950181e-16
7876.57863045 1.49200302242e-16
7878.76401138 1.65300226279e-16
7880.94939232 1.74109747651e-16
7883.13477325 1.50200029372e-16
7885.32015419 1.70348746255e-16
7887.50553513 2.06992432609e-16
7889.69091606 1.70103553183e-16
7891.876297 1.49099768017e-16
7894.06167793 1.47022802014e-16
7896.24705887 1.53209874205e-16
7898.4324398 1.53044157035e-16
7900.61782074 1.48835338584e-16
7902.80320168 1.63838546363e-16
7904.98858261 1.62048095068e-16
7907.17396355 1.46558652857e-16
7909.35934448 1.60237882505e-16
7911.54472542 1.66469111407e-16
7913.73010635 1.73822460618e-16
7915.91548729 1.61343254019e-16
7918.10086822 1.45578317524e-16
7920.28624916 1.60555275493e-16
7922.4716301 1.38403368558e-16
7924.65701103 1.33191842594e-16
7926.84239197 1.46157946193e-16
7929.0277729 1.60605094638e-16
7931.21315384 1.72556793133e-16
7933.39853477 1.09642084729e-16
