3473.48933649 9.02136463396e-17
3475.67467856 8.09643345246e-17
3477.86002064 1.02215744336e-16
3480.04536271 1.31533668498e-16
3482.23070478 1.35956172524e-16
3484.41604686 9.6462730878e-17
3486.60138893 1.58667507451e-16
3488.786731 1.39068833641e-16
3490.97207308 1.41965503685e-16
3493.15741515 1.33086533483e-16
3495.34275723 1.44925290057e-16
3497.5280993 1.3843577284e-16
3499.71344137 1.06086390452e-16
3501.89878345 1.06617879911e-16
3504.08412552 1.42856304784e-16
3506.26946759 1.89031062311e-16
3508.45480967 1.67150624123e-16
3510.64015174 1.37289335047e-16
3512.82549381 1.72203060139e-16
3515.01083589 1.90399029389e-16
3517.19617796 1.69063889888e-16
3519.38152003 1.93274721643e-16
3521.56686211 1.72926753687e-16
3523.75220418 1.86321785125e-16
3525.93754625 2.10800056645e-16
3528.12288833 1.98653721162e-16
3530.3082304 2.30118109458e-16
3532.49357247 2.26304878061e-16
3534.67891455 2.44423320635e-16
3536.86425662 3.04739953375e-16
3539.04959869 3.27350080153e-16
3541.23494077 3.06648734329e-16
3543.42028284 3.41411709457e-16
3545.60562491 3.23864131327e-16
3547.79096699 3.51904406822e-16
3549.97630906 3.6580328188e-16
3552.16165113 4.0001007151e-16
3554.34699321 3.86387199194e-16
3556.53233528 3.51407847586e-16
3558.71767735 3.0447864215e-16
3560.90301943 2.40035021397e-16
3563.0883615 2.57757461021e-16
3565.27370358 2.87618032582e-16
3567.45904565 2.97150170087e-16
3569.64438772 2.60435298137e-16
3571.8297298 2.27686350987e-16
3574.01507187 1.716804782e-16
3576.20041394 1.77572494458e-16
3578.38575602 2.28368231331e-16
3580.57109809 2.125270262e-16
3582.75644016 1.94230634642e-16
3584.94178224 2.23881894974e-16
3587.12712431 2.04107948803e-16
3589.31246638 2.13078715513e-16
3591.49780846 2.29801942585e-16
3593.68315053 1.86639344953e-16
3595.8684926 1.80422045154e-16
3598.05383468 1.916881013e-16
3600.23917675 1.43130655639e-16
3602.42451882 1.62022365498e-16
3604.6098609 1.97476968155e-16
3606.79520297 1.94038338703e-16
3608.98054504 1.98651904802e-16
3611.16588712 2.14912052319e-16
3613.35122919 1.54758137543e-16
3615.53657126 1.87417991943e-16
3617.72191334 1.52121653348e-16
3619.90725541 1.74594068162e-16
3622.09259748 1.90390122506e-16
3624.27793956 2.14181888137e-16
3626.46328163 1.79947798824e-16
3628.6486237 1.53855621467e-16
3630.83396578 1.48735905924e-16
3633.01930785 1.13098370188e-16
3635.20464993 1.76601144169e-16
3637.389992 1.81990986004e-16
3639.57533407 1.31626235482e-16
3641.76067615 1.79348300231e-16
3643.94601822 1.83604577063e-16
3646.13136029 1.56906648766e-16
3648.31670237 1.82555750929e-16
3650.50204444 1.60742317502e-16
3652.68738651 1.53824520552e-16
3654.87272859 1.5258696703e-16
3657.05807066 1.65097580599e-16
3659.24341273 1.40798852743e-16
3661.42875481 1.51696862217e-16
3663.61409688 1.16820788863e-16
3665.79943895 1.52639753206e-16
3667.98478103 1.33953790753e-16
3670.1701231 1.47203119112e-16
3672.35546517 1.81432970036e-16
3674.54080725 1.86100913772e-16
3676.72614932 1.69792623158e-16
3678.91149139 1.73808612667e-16
3681.09683347 1.77234282358e-16
3683.28217554 1.39353056815e-16
3685.46751761 1.54676782428e-16
3687.65285969 1.61738335747e-16
3689.83820176 1.35611292544e-16
3692.02354383 1.50800865975e-16
3694.20888591 1.52584830773e-16
3696.39422798 1.84514096644e-16
3698.57957006 1.87044072368e-16
3700.76491213 1.39103489213e-16
3702.9502542 1.42600711405e-16
3705.13559628 1.98082398447e-16
3707.32093835 1.69460686128e-16
3709.50628042 1.92294710228e-16
3711.6916225 1.93871781046e-16
3713.87696457 1.90288526232e-16
3716.06230664 1.80140034117e-16
3718.24764872 1.86245483541e-16
3720.43299079 2.13491880086e-16
3722.61833286 2.00674627011e-16
3724.80367494 1.82867570853e-16
3726.98901701 1.85070382063e-16
3729.17435908 1.86174637826e-16
3731.35970116 1.88788483336e-16
3733.54504323 1.82178743251e-16
3735.7303853 1.57595995354e-16
3737.91572738 1.58681596745e-16
3740.10106945 1.84125512156e-16
3742.28641152 1.67573750124e-16
3744.4717536 1.83791824504e-16
3746.65709567 1.75098404559e-16
3748.84243774 1.68651058859e-16
3751.02777982 1.7135057221e-16
3753.21312189 1.91868123532e-16
3755.39846396 1.77591440042e-16
3757.58380604 1.82755293597e-16
3759.76914811 1.6396246537e-16
3761.95449018 1.50693321274e-16
3764.13983226 1.58920016094e-16
3766.32517433 1.66974666597e-16
3768.51051641 1.74886734092e-16
3770.69585848 2.03417416111e-16
3772.88120055 1.89104028195e-16
3775.06654263 1.52265398398e-16
3777.2518847 1.71058985163e-16
3779.43722677 1.62847569642e-16
3781.62256885 1.70411888009e-16
3783.80791092 1.48824981988e-16
3785.99325299 1.57294698819e-16
3788.17859507 1.60475617275e-16
3790.36393714 1.97440654984e-16
3792.54927921 1.78523691645e-16
3794.73462129 1.33986242473e-16
3796.91996336 1.50555872049e-16
3799.10530543 1.85268022045e-16
3801.29064751 1.66227886231e-16
3803.47598958 1.54410168077e-16
3805.66133165 1.89777511024e-16
3807.84667373 1.82169827418e-16
3810.0320158 1.8054851614e-16
3812.21735787 1.80286494673e-16
3814.40269995 1.44652894154e-16
3816.58804202 1.74822757998e-16
3818.77338409 1.72422086966e-16
3820.95872617 1.28691508986e-16
3823.14406824 1.4232462389e-16
3825.32941031 1.69898635668e-16
3827.51475239 1.53100210125e-16
3829.70009446 1.59912548833e-16
3831.88543653 1.50049218129e-16
3834.07077861 1.49177239198e-16
3836.25612068 1.51158592645e-16
3838.44146276 1.52506937578e-16
3840.62680483 1.77530595938e-16
3842.8121469 1.47151169421e-16
3844.99748898 1.59129256682e-16
3847.18283105 1.44134144604e-16
3849.36817312 1.49493587702e-16
3851.5535152 1.74099561966e-16
3853.73885727 1.76534186315e-16
3855.92419934 1.71173653812e-16
3858.10954142 1.68528118542e-16
3860.29488349 1.8237305878e-16
3862.48022556 1.91840621191e-16
3864.66556764 2.05341860191e-16
3866.85090971 1.96534184387e-16
3869.03625178 1.73004818019e-16
3871.22159386 1.68781521231e-16
3873.40693593 1.58280346206e-16
3875.592278 1.70404124588e-16
3877.77762008 1.68443153381e-16
3879.96296215 1.84590221362e-16
3882.14830422 1.59686602365e-16
3884.3336463 1.44653794571e-16
3886.51898837 1.71175536612e-16
3888.70433044 1.7153757374e-16
3890.88967252 1.57068819444e-16
3893.07501459 1.61121991043e-16
3895.26035666 1.70787709075e-16
3897.44569874 1.79813424092e-16
3899.63104081 1.90429461177e-16
3901.81638289 1.72833422302e-16
3904.00172496 1.52203776813e-16
3906.18706703 1.87252940301e-16
3908.37240911 1.84330140524e-16
3910.55775118 1.60546703329e-16
3912.74309325 1.62379751791e-16
3914.92843533 1.57930508894e-16
3917.1137774 1.57931780454e-16
3919.29911947 1.66146499441e-16
3921.48446155 2.06004112935e-16
3923.66980362 1.84698848666e-16
3925.85514569 1.81609982674e-16
3928.04048777 2.14782188992e-16
3930.22582984 1.97463985226e-16
3932.41117191 1.63863821557e-16
3934.59651399 1.61042134438e-16
3936.78185606 1.74609891653e-16
3938.96719813 1.9297096759e-16
3941.15254021 2.01578215703e-16
3943.33788228 1.93145609965e-16
3945.52322435 1.95263145901e-16
3947.70856643 1.89818603912e-16
3949.8939085 1.86664234265e-16
3952.07925057 1.90324761107e-16
3954.26459265 1.9327060067e-16
3956.44993472 2.0762010921e-16
3958.63527679 2.1629158171e-16
3960.82061887 2.28001424195e-16
3963.00596094 2.13806982022e-16
3965.19130301 2.10526184469e-16
3967.37664509 2.09070822466e-16
3969.56198716 2.16387697242e-16
3971.74732924 2.19391885102e-16
3973.93267131 2.21214418604e-16
3976.11801338 2.05193203747e-16
3978.30335546 2.08942223777e-16
3980.48869753 2.21270351801e-16
3982.6740396 1.7869985279e-16
3984.85938168 1.89413920437e-16
3987.04472375 1.98818646973e-16
3989.23006582 1.83879834747e-16
3991.4154079 1.78853503042e-16
3993.60074997 1.78385028952e-16
3995.78609204 2.10773032446e-16
3997.97143412 1.98853674181e-16
4000.15677619 2.11023614291e-16
4002.34211826 1.98057275459e-16
4004.52746034 2.11821983351e-16
4006.71280241 2.30185001825e-16
4008.89814448 2.35379850268e-16
4011.08348656 1.82705844305e-16
4013.26882863 1.61841318922e-16
4015.4541707 1.88883257575e-16
4017.63951278 1.80785004534e-16
4019.82485485 1.8797144619e-16
4022.01019692 1.74588356015e-16
4024.195539 1.93199749069e-16
4026.38088107 2.05674407582e-16
4028.56622314 2.23644175517e-16
4030.75156522 1.9641374957e-16
4032.93690729 1.9587521196e-16
4035.12224936 2.07344495028e-16
4037.30759144 1.97862091261e-16
4039.49293351 2.34814100311e-16
4041.67827559 2.226257337e-16
4043.86361766 2.01060772386e-16
4046.04895973 1.6883647759e-16
4048.23430181 2.04254136466e-16
4050.41964388 1.93007235676e-16
4052.60498595 1.9606266532e-16
4054.79032803 2.02401269785e-16
4056.9756701 2.24246975959e-16
4059.16101217 2.0963751345e-16
4061.34635425 2.2831091756e-16
4063.53169632 2.27208355253e-16
4065.71703839 1.83866494072e-16
4067.90238047 1.96579995278e-16
4070.08772254 2.16979601049e-16
4072.27306461 1.95519089254e-16
4074.45840669 1.79212182949e-16
4076.64374876 1.69749423542e-16
4078.82909083 1.97601184449e-16
4081.01443291 1.88586749788e-16
4083.19977498 1.72362772263e-16
4085.38511705 1.97428808941e-16
4087.57045913 1.77656009426e-16
4089.7558012 2.14765930189e-16
4091.94114327 1.97246450256e-16
4094.12648535 1.93425409742e-16
4096.31182742 2.12507015856e-16
4098.49716949 1.93177061758e-16
4100.68251157 1.77853292597e-16
4102.86785364 1.83877984735e-16
4105.05319572 1.75499361622e-16
4107.23853779 1.7915422108e-16
4109.42387986 1.72307548771e-16
4111.60922194 1.78615919576e-16
4113.79456401 2.07928251471e-16
4115.97990608 2.23546037361e-16
4118.16524816 2.11042434366e-16
4120.35059023 1.92432362209e-16
4122.5359323 2.04131310954e-16
4124.72127438 2.07783823847e-16
4126.90661645 1.99853157241e-16
4129.09195852 1.98171829296e-16
4131.2773006 2.09753090344e-16
4133.46264267 2.07984345391e-16
4135.64798474 2.20461034245e-16
4137.83332682 1.9603986255e-16
4140.01866889 1.79494712578e-16
4142.20401096 2.03867324359e-16
4144.38935304 1.92308762013e-16
4146.57469511 1.50710023171e-16
4148.76003718 1.90016160388e-16
4150.94537926 2.10947194008e-16
4153.13072133 1.99399785528e-16
4155.3160634 2.05079090683e-16
4157.50140548 2.06797266355e-16
4159.68674755 2.27710861719e-16
4161.87208962 1.90923058087e-16
4164.0574317 1.840259045e-16
4166.24277377 2.07084275609e-16
4168.42811584 1.88968796901e-16
4170.61345792 2.02158465672e-16
4172.79879999 1.73791013141e-16
4174.98414207 1.48912371704e-16
4177.16948414 2.07963221337e-16
4179.35482621 2.26484177596e-16
4181.54016829 2.03583403167e-16
4183.72551036 1.82741080454e-16
4185.91085243 1.73339156859e-16
4188.09619451 2.22662874521e-16
4190.28153658 2.39965546554e-16
4192.46687865 1.95479717803e-16
4194.65222073 1.90064194801e-16
4196.8375628 2.03001244112e-16
4199.02290487 2.00827741613e-16
4201.20824695 1.84009649454e-16
4203.39358902 1.78940695249e-16
4205.57893109 1.92615757741e-16
4207.76427317 1.90953372317e-16
4209.94961524 1.94283974596e-16
4212.13495731 1.62089643556e-16
4214.32029939 2.13235584639e-16
4216.50564146 2.25287524794e-16
4218.69098353 1.94364459013e-16
4220.87632561 1.70561053374e-16
4223.06166768 2.28818112952e-16
4225.24700975 2.15316160334e-16
4227.43235183 1.67173614744e-16
4229.6176939 1.82338589705e-16
4231.80303597 1.95362018457e-16
4233.98837805 2.04157522038e-16
4236.17372012 2.18560572166e-16
4238.35906219 2.08279641784e-16
4240.54440427 2.08349486948e-16
4242.72974634 2.24241528999e-16
4244.91508842 2.03703111105e-16
4247.10043049 1.84442584362e-16
4249.28577256 1.99632465882e-16
4251.47111464 1.80248388223e-16
4253.65645671 1.61470646559e-16
4255.84179878 1.69380323767e-16
4258.02714086 1.79242670774e-16
4260.21248293 1.87341252853e-16
4262.397825 1.84586531605e-16
4264.58316708 1.71599473983e-16
4266.76850915 2.03872768915e-16
4268.95385122 2.08788145583e-16
4271.1391933 1.90703526018e-16
4273.32453537 1.83410767444e-16
4275.50987744 1.93849082493e-16
4277.69521952 2.30673858956e-16
4279.88056159 2.34532906e-16
4282.06590366 2.31942948259e-16
4284.25124574 2.15971368824e-16
4286.43658781 1.95530215702e-16
4288.62192988 1.97616840336e-16
4290.80727196 2.07528721248e-16
4292.99261403 2.1788830693e-16
4295.1779561 1.85057767505e-16
4297.36329818 1.82956767594e-16
4299.54864025 2.01700919547e-16
4301.73398232 1.94566232643e-16
4303.9193244 1.80259915063e-16
4306.10466647 1.57241277853e-16
4308.29000854 1.7731825119e-16
4310.47535062 1.91121438063e-16
4312.66069269 1.58746976133e-16
4314.84603477 1.89779660529e-16
4317.03137684 2.23979519334e-16
4319.21671891 2.05610014074e-16
4321.40206099 1.83885965851e-16
4323.58740306 1.97893928755e-16
4325.77274513 1.96838144906e-16
4327.95808721 1.73159940574e-16
4330.14342928 1.99891245764e-16
4332.32877135 2.12983480886e-16
4334.51411343 2.20566751975e-16
4336.6994555 2.23591933932e-16
4338.88479757 2.18647798677e-16
4341.07013965 2.32341383488e-16
4343.25548172 2.26794866156e-16
4345.44082379 2.0142784816e-16
4347.62616587 2.10909183027e-16
4349.81150794 1.91395691526e-16
4351.99685001 2.09343884299e-16
4354.18219209 1.97454401016e-16
4356.36753416 2.11754164948e-16
4358.55287623 1.93056089763e-16
4360.73821831 2.00956373912e-16
4362.92356038 2.20969836096e-16
4365.10890245 2.09281397235e-16
4367.29424453 1.93109202665e-16
4369.4795866 2.20859957759e-16
4371.66492867 2.07495555151e-16
4373.85027075 1.89767580634e-16
4376.03561282 1.82836016191e-16
4378.2209549 1.97783535821e-16
4380.40629697 1.76622196889e-16
4382.59163904 1.83833739024e-16
4384.77698112 2.01952497474e-16
4386.96232319 2.00382243151e-16
4389.14766526 2.10437307505e-16
4391.33300734 2.01771149672e-16
4393.51834941 1.97570291513e-16
4395.70369148 2.07631753363e-16
4397.88903356 2.03521584918e-16
4400.07437563 1.95359928579e-16
4402.2597177 1.98163843793e-16
4404.44505978 1.78424589853e-16
4406.63040185 1.83046877103e-16
4408.81574392 1.79739405911e-16
4411.001086 1.89596276315e-16
4413.18642807 1.75334967159e-16
4415.37177014 1.95285919255e-16
4417.55711222 1.91932775527e-16
4419.74245429 1.62665684237e-16
4421.92779636 2.06859134509e-16
4424.11313844 1.99603243565e-16
4426.29848051 1.79176212887e-16
4428.48382258 1.85772185816e-16
4430.66916466 2.23140746853e-16
4432.85450673 2.08954693781e-16
4435.0398488 1.88693963525e-16
4437.22519088 1.74770666479e-16
4439.41053295 1.94712755497e-16
4441.59587502 2.01812824936e-16
4443.7812171 1.86557909204e-16
4445.96655917 1.79079411124e-16
4448.15190125 1.85953756038e-16
4450.33724332 1.76734832772e-16
4452.52258539 1.92596114446e-16
4454.70792747 1.65023614113e-16
4456.89326954 1.73278958152e-16
4459.07861161 1.98381006644e-16
4461.26395369 2.11813824944e-16
4463.44929576 2.21935860531e-16
4465.63463783 1.80182144499e-16
4467.81997991 1.55384284035e-16
4470.00532198 1.73081536813e-16
4472.19066405 1.99241914483e-16
4474.37600613 1.94478750722e-16
4476.5613482 1.89010062625e-16
4478.74669027 1.86870933614e-16
4480.93203235 1.93470265768e-16
4483.11737442 1.79023435884e-16
4485.30271649 1.76916894324e-16
4487.48805857 1.75719407891e-16
4489.67340064 1.69598169194e-16
4491.85874271 1.77501203389e-16
4494.04408479 1.96335900715e-16
4496.22942686 1.74143448447e-16
4498.41476893 1.54681337303e-16
4500.60011101 1.7956927761e-16
4502.78545308 1.84180128073e-16
4504.97079515 1.99922131674e-16
4507.15613723 1.89951032929e-16
4509.3414793 1.7484629237e-16
4511.52682137 1.84784567143e-16
4513.71216345 1.92246922732e-16
4515.89750552 1.82388469635e-16
4518.0828476 1.67671201847e-16
4520.26818967 1.68078588361e-16
4522.45353174 1.75083035675e-16
4524.63887382 1.87429889029e-16
4526.82421589 1.92428066511e-16
4529.00955796 1.82102794788e-16
4531.19490004 1.66262749013e-16
4533.38024211 1.60205794893e-16
4535.56558418 1.6545417306e-16
4537.75092626 1.80918682032e-16
4539.93626833 1.85131431042e-16
4542.1216104 1.80321605677e-16
4544.30695248 1.80335213503e-16
4546.49229455 1.78502803461e-16
4548.67763662 1.75244886813e-16
4550.8629787 1.84467516722e-16
4553.04832077 1.84576948612e-16
4555.23366284 1.71802615954e-16
4557.41900492 1.61740493382e-16
4559.60434699 1.91014630098e-16
4561.78968906 1.86169328409e-16
4563.97503114 1.91934524236e-16
4566.16037321 1.83682206315e-16
4568.34571528 1.7280687857e-16
4570.53105736 1.92394301921e-16
4572.71639943 1.68238330867e-16
4574.9017415 1.57392714252e-16
4577.08708358 1.90354971197e-16
4579.27242565 1.73316321357e-16
4581.45776773 1.68073166066e-16
4583.6431098 1.79944210704e-16
4585.82845187 1.78379977499e-16
4588.01379395 1.92717496019e-16
4590.19913602 2.00067123483e-16
4592.38447809 1.83554643906e-16
4594.56982017 1.77684780871e-16
4596.75516224 1.87404063943e-16
4598.94050431 1.60746122356e-16
4601.12584639 1.61975204685e-16
4603.31118846 1.57353212543e-16
4605.49653053 1.58532483059e-16
4607.68187261 1.68975434404e-16
4609.86721468 1.80850855532e-16
4612.05255675 1.62148166878e-16
4614.23789883 1.73844182503e-16
4616.4232409 1.77188691709e-16
4618.60858297 1.67432907661e-16
4620.79392505 1.78489197635e-16
4622.97926712 1.68682998795e-16
4625.16460919 1.92283610054e-16
4627.34995127 1.55583610989e-16
4629.53529334 1.75663251984e-16
4631.72063541 1.68667538658e-16
4633.90597749 1.6275544173e-16
4636.09131956 1.56553630546e-16
4638.27666163 1.45181359103e-16
4640.46200371 1.68296916995e-16
4642.64734578 1.83564547682e-16
4644.83268785 1.66330645339e-16
4647.01802993 1.78800225215e-16
4649.203372 1.65957728502e-16
4651.38871408 1.73713120083e-16
4653.57405615 1.65010615497e-16
4655.75939822 1.71953185502e-16
4657.9447403 1.80824949827e-16
4660.13008237 1.68756422386e-16
4662.31542444 1.84423700564e-16
4664.50076652 1.96298782288e-16
4666.68610859 1.70679567849e-16
4668.87145066 1.52619864767e-16
4671.05679274 1.8628783108e-16
4673.24213481 1.68364564137e-16
4675.42747688 1.59642787641e-16
4677.61281896 1.90132026403e-16
4679.79816103 1.74227509309e-16
4681.9835031 1.78702109373e-16
4684.16884518 1.79558169196e-16
4686.35418725 1.68491966788e-16
4688.53952932 1.43866554029e-16
4690.7248714 1.89529357468e-16
4692.91021347 1.92419972467e-16
4695.09555554 1.74823453914e-16
4697.28089762 1.66205450671e-16
4699.46623969 1.82019825944e-16
4701.65158176 1.74372774141e-16
4703.83692384 1.97368124454e-16
4706.02226591 1.87659220285e-16
4708.20760798 1.66230386368e-16
4710.39295006 1.85501966599e-16
4712.57829213 1.88858256395e-16
4714.7636342 2.33052376188e-16
4716.94897628 2.92397566408e-16
4719.13431835 3.36382439563e-16
4721.31966043 3.40514721694e-16
4723.5050025 3.05841569475e-16
4725.69034457 2.53851824347e-16
4727.87568665 1.88604313424e-16
4730.06102872 1.77361884814e-16
4732.24637079 1.81794854591e-16
4734.43171287 1.94998524077e-16
4736.61705494 1.94558481255e-16
4738.80239701 1.91577700191e-16
4740.98773909 2.0523123939e-16
4743.17308116 1.76368125427e-16
4745.35842323 1.6526469751e-16
4747.54376531 1.71858314834e-16
4749.72910738 1.65913817603e-16
4751.91444945 1.62914278621e-16
4754.09979153 1.50047306867e-16
4756.2851336 1.57369789484e-16
4758.47047567 1.6276073378e-16
4760.65581775 1.89002333863e-16
4762.84115982 1.87456766101e-16
4765.02650189 1.76662780495e-16
4767.21184397 1.77389543962e-16
4769.39718604 1.69460972113e-16
4771.58252811 1.82996034788e-16
4773.76787019 1.81211662582e-16
4775.95321226 1.73681289493e-16
4778.13855433 1.6413633885e-16
4780.32389641 1.68436700048e-16
4782.50923848 1.70907924331e-16
4784.69458056 1.7117702777e-16
4786.87992263 1.87046207927e-16
4789.0652647 1.89693819794e-16
4791.25060678 1.86685685513e-16
4793.43594885 1.85567806375e-16
4795.62129092 2.02291344664e-16
4797.806633 1.70264181592e-16
4799.99197507 1.8001474057e-16
4802.17731714 1.81553839456e-16
4804.36265922 1.74383833409e-16
4806.54800129 1.89350199266e-16
4808.73334336 1.58244821256e-16
4810.91868544 1.56500529126e-16
4813.10402751 1.61859343127e-16
4815.28936958 1.80865263633e-16
4817.47471166 1.76008784892e-16
4819.66005373 1.78459638433e-16
4821.8453958 1.69281723332e-16
4824.03073788 1.56404532839e-16
4826.21607995 1.84646866338e-16
4828.40142202 1.75648796351e-16
4830.5867641 1.8218400769e-16
4832.77210617 1.83908235006e-16
4834.95744824 1.7755548526e-16
4837.14279032 1.81648222105e-16
4839.32813239 1.52534593859e-16
4841.51347446 1.60048252154e-16
4843.69881654 1.90552991374e-16
4845.88415861 1.73906879724e-16
4848.06950068 1.73951327586e-16
4850.25484276 1.78517623158e-16
4852.44018483 1.6104235718e-16
4854.62552691 2.02441517708e-16
4856.81086898 1.66956832641e-16
4858.99621105 1.68029122745e-16
4861.18155313 1.56980662406e-16
4863.3668952 1.71720600359e-16
4865.55223727 1.98520708254e-16
4867.73757935 1.99712853656e-16
4869.92292142 2.0543173449e-16
4872.10826349 1.96257043262e-16
4874.29360557 1.77854138576e-16
4876.47894764 1.81470815075e-16
4878.66428971 1.86973933683e-16
4880.84963179 1.65566117504e-16
4883.03497386 1.91131905583e-16
4885.22031593 1.77092629841e-16
4887.40565801 1.78283714935e-16
4889.59100008 1.9243173075e-16
4891.77634215 2.05833429954e-16
4893.96168423 2.07799040123e-16
4896.1470263 1.94616729767e-16
4898.33236837 1.95834195048e-16
4900.51771045 1.90508844973e-16
4902.70305252 1.89050678776e-16
4904.88839459 1.7612715299e-16
4907.07373667 1.83479315547e-16
4909.25907874 1.86266408396e-16
4911.44442081 1.8415955206e-16
4913.62976289 1.80244411791e-16
4915.81510496 1.65681481733e-16
4918.00044703 1.5863353634e-16
4920.18578911 1.77036139655e-16
4922.37113118 1.78802352332e-16
4924.55647326 1.72838465058e-16
4926.74181533 1.94256588525e-16
4928.9271574 1.96751665619e-16
4931.11249948 1.73852525162e-16
4933.29784155 1.51728558185e-16
4935.48318362 1.6155386986e-16
4937.6685257 1.70980410377e-16
4939.85386777 1.58074685039e-16
4942.03920984 1.64576876787e-16
4944.22455192 1.66755902397e-16
4946.40989399 1.75381953622e-16
4948.59523606 1.85744837426e-16
4950.78057814 1.77055481333e-16
4952.96592021 1.65065271435e-16
4955.15126228 1.94605655658e-16
4957.33660436 1.95497187975e-16
4959.52194643 1.86071203902e-16
4961.7072885 1.90943297525e-16
4963.89263058 1.78491153961e-16
4966.07797265 1.81026358298e-16
4968.26331472 1.83318022412e-16
4970.4486568 1.53356498378e-16
4972.63399887 1.64796851338e-16
4974.81934094 1.75101115709e-16
4977.00468302 1.75635984692e-16
4979.19002509 1.79360621636e-16
4981.37536716 1.69585241787e-16
4983.56070924 1.66708691483e-16
4985.74605131 1.59090274145e-16
4987.93139339 1.86205390405e-16
4990.11673546 1.99838814909e-16
4992.30207753 1.87888384283e-16
4994.48741961 1.96006113963e-16
4996.67276168 1.96640628723e-16
4998.85810375 1.73943275668e-16
5001.04344583 1.77481814947e-16
5003.2287879 1.74051518282e-16
5005.41412997 1.60861507448e-16
5007.59947205 1.58566978285e-16
5009.78481412 1.82137296409e-16
5011.97015619 1.90243436389e-16
5014.15549827 1.75019823217e-16
5016.34084034 1.47601558368e-16
5018.52618241 1.66033690835e-16
5020.71152449 1.67905436419e-16
5022.89686656 1.64163476579e-16
5025.08220863 1.85166220512e-16
5027.26755071 1.79272399432e-16
5029.45289278 1.75674137359e-16
5031.63823485 1.83727851812e-16
5033.82357693 1.93253745779e-16
5036.008919 2.026162155e-16
5038.19426107 1.89733534107e-16
5040.37960315 1.66499968763e-16
5042.56494522 1.59445587293e-16
5044.75028729 1.63075965556e-16
5046.93562937 1.79220441991e-16
5049.12097144 1.73178110307e-16
5051.30631351 1.75226781608e-16
5053.49165559 1.53021594692e-16
5055.67699766 1.54678859317e-16
5057.86233974 1.58112035505e-16
5060.04768181 1.66884970412e-16
5062.23302388 1.81088171013e-16
5064.41836596 1.74334346854e-16
5066.60370803 1.57251070831e-16
5068.7890501 1.74013404394e-16
5070.97439218 1.9870538082e-16
5073.15973425 1.94517274545e-16
5075.34507632 1.7157858218e-16
5077.5304184 1.89385928913e-16
5079.71576047 1.76999844191e-16
5081.90110254 1.78941958997e-16
5084.08644462 1.79457501951e-16
5086.27178669 1.73033382479e-16
5088.45712876 1.77565212877e-16
5090.64247084 1.7015063547e-16
5092.82781291 1.6504675456e-16
5095.01315498 1.8082448051e-16
5097.19849706 1.75400205044e-16
5099.38383913 1.73526310074e-16
5101.5691812 1.836908918e-16
5103.75452328 1.68264042756e-16
5105.93986535 1.83279789928e-16
5108.12520742 1.79291635932e-16
5110.3105495 1.74570694648e-16
5112.49589157 1.83901399197e-16
5114.68123364 1.66912411397e-16
5116.86657572 1.61998006089e-16
5119.05191779 1.6933952338e-16
5121.23725986 1.73507620706e-16
5123.42260194 1.58740680786e-16
5125.60794401 1.43445021247e-16
5127.79328609 1.71605474413e-16
5129.97862816 1.89916580407e-16
5132.16397023 1.68836139004e-16
5134.34931231 1.87306879353e-16
5136.53465438 1.74242917481e-16
5138.71999645 1.59454100613e-16
5140.90533853 1.65380978356e-16
5143.0906806 1.69338780527e-16
5145.27602267 1.78029757934e-16
5147.46136475 1.58687123713e-16
5149.64670682 1.42892297569e-16
5151.83204889 1.60299746659e-16
5154.01739097 1.75057741807e-16
5156.20273304 1.89079233261e-16
5158.38807511 1.79162660682e-16
5160.57341719 1.94154107509e-16
5162.75875926 1.86240238514e-16
5164.94410133 1.90940249513e-16
5167.12944341 2.06267003072e-16
5169.31478548 2.03106040283e-16
5171.50012755 1.80685124999e-16
5173.68546963 1.98634163361e-16
5175.8708117 1.80844169055e-16
5178.05615377 1.93431964516e-16
5180.24149585 1.83333004016e-16
5182.42683792 1.68277983186e-16
5184.61217999 1.79963999703e-16
5186.79752207 2.10791403993e-16
5188.98286414 2.12090650263e-16
5191.16820621 2.21113703115e-16
5193.35354829 2.32655191536e-16
5195.53889036 2.38205353338e-16
5197.72423244 2.2129031424e-16
5199.90957451 2.03533227959e-16
5202.09491658 2.14246869196e-16
5204.28025866 2.30259170272e-16
5206.46560073 2.21596228816e-16
5208.6509428 2.07536770816e-16
5210.83628488 2.05866136949e-16
5213.02162695 2.03361619623e-16
5215.20696902 1.83771001657e-16
5217.3923111 1.79194245347e-16
5219.57765317 1.93987247226e-16
5221.76299524 1.92505966059e-16
5223.94833732 2.04241759219e-16
5226.13367939 2.00981361609e-16
5228.31902146 1.80880302044e-16
5230.50436354 1.61814689104e-16
5232.68970561 1.62757216357e-16
5234.87504768 1.62401226963e-16
5237.06038976 1.62053082832e-16
5239.24573183 1.68776380636e-16
5241.4310739 1.7768029592e-16
5243.61641598 1.72032284897e-16
5245.80175805 1.63608268723e-16
5247.98710012 1.5740095145e-16
5250.1724422 1.6034266621e-16
5252.35778427 1.64773295746e-16
5254.54312634 1.45218253032e-16
5256.72846842 1.61882654614e-16
5258.91381049 1.65839970444e-16
5261.09915257 1.60741795448e-16
5263.28449464 1.69831805621e-16
5265.46983671 1.62478960424e-16
5267.65517879 1.5732058973e-16
5269.84052086 1.66690493905e-16
5272.02586293 1.60362974891e-16
5274.21120501 1.86268733976e-16
5276.39654708 1.82288168546e-16
5278.58188915 1.73557388939e-16
5280.76723123 1.74766420898e-16
5282.9525733 1.60232902906e-16
5285.13791537 1.62358825734e-16
5287.32325745 1.57019682315e-16
5289.50859952 1.70857250546e-16
5291.69394159 1.78768995044e-16
5293.87928367 1.64667240335e-16
5296.06462574 1.8217591376e-16
5298.24996781 1.92384147605e-16
5300.43530989 1.83049525104e-16
5302.62065196 1.84584914682e-16
5304.80599403 1.85984735238e-16
5306.99133611 1.5143312825e-16
5309.17667818 1.60527416879e-16
5311.36202025 1.62898808319e-16
5313.54736233 1.68995462972e-16
5315.7327044 1.8248568962e-16
5317.91804647 1.67053887212e-16
5320.10338855 1.5051437805e-16
5322.28873062 1.59510237063e-16
5324.47407269 1.66917601406e-16
5326.65941477 1.53893569999e-16
5328.84475684 1.48056091287e-16
5331.03009892 1.61623445479e-16
5333.21544099 1.63567839636e-16
5335.40078306 1.57133407846e-16
5337.58612514 1.6927110328e-16
5339.77146721 1.6923785489e-16
5341.95680928 1.62998820576e-16
5344.14215136 1.55929231423e-16
5346.32749343 1.45238313118e-16
5348.5128355 1.6288918247e-16
5350.69817758 1.87087101009e-16
5352.88351965 1.65042716831e-16
5355.06886172 1.64656182078e-16
5357.2542038 1.80345130759e-16
5359.43954587 1.82820396481e-16
5361.62488794 1.86147580638e-16
5363.81023002 1.84148051059e-16
5365.99557209 1.84178426503e-16
5368.18091416 1.60438387005e-16
5370.36625624 1.74697648356e-16
5372.55159831 1.745694952e-16
5374.73694038 1.64120096175e-16
5376.92228246 1.70685154771e-16
5379.10762453 1.82097204204e-16
5381.2929666 1.70255074126e-16
5383.47830868 1.70827146813e-16
5385.66365075 1.84700344176e-16
5387.84899282 1.70560021955e-16
5390.0343349 1.80664686388e-16
5392.21967697 1.85127181652e-16
5394.40501904 1.89936845342e-16
5396.59036112 1.92142410977e-16
5398.77570319 1.75485711771e-16
5400.96104527 1.65751662656e-16
5403.14638734 1.68953123499e-16
5405.33172941 1.81488737739e-16
5407.51707149 1.73284951047e-16
5409.70241356 1.43457713979e-16
5411.88775563 1.81283041717e-16
5414.07309771 1.66932721028e-16
5416.25843978 1.74436359631e-16
5418.44378185 1.81739224025e-16
5420.62912393 1.66163676223e-16
5422.814466 1.75200955557e-16
5424.99980807 1.76698855155e-16
5427.18515015 1.72585401019e-16
5429.37049222 1.73537488919e-16
5431.55583429 1.75581561131e-16
5433.74117637 1.81824556927e-16
5435.92651844 1.77232386977e-16
5438.11186051 1.76524769184e-16
5440.29720259 1.88247597888e-16
5442.48254466 1.97239539729e-16
5444.66788673 1.94451549023e-16
5446.85322881 1.79343504185e-16
5449.03857088 1.90618367211e-16
5451.22391295 1.7529622278e-16
5453.40925503 1.61600107467e-16
5455.5945971 1.82678789245e-16
5457.77993917 1.85906382305e-16
5459.96528125 1.97430124126e-16
5462.15062332 1.98705421663e-16
5464.3359654 1.98793617313e-16
5466.52130747 2.07779897369e-16
5468.70664954 2.13828390669e-16
5470.89199162 2.02575375968e-16
5473.07733369 2.16112695565e-16
5475.26267576 1.96958719685e-16
5477.44801784 2.16136409623e-16
5479.63335991 2.2411546959e-16
5481.81870198 2.16107426263e-16
5484.00404406 2.09493463182e-16
5486.18938613 2.24578284748e-16
5488.3747282 2.35594457964e-16
5490.56007028 2.57181460808e-16
5492.74541235 2.64409809081e-16
5494.93075442 2.77627535107e-16
5497.1160965 2.85111733218e-16
5499.30143857 2.7662365312e-16
5501.48678064 2.80009240096e-16
5503.67212272 2.77430558791e-16
5505.85746479 2.56131671033e-16
5508.04280686 2.42669996472e-16
5510.22814894 2.36096199587e-16
5512.41349101 2.36577673874e-16
5514.59883308 2.14738459285e-16
5516.78417516 1.99281110017e-16
5518.96951723 2.04663564911e-16
5521.1548593 2.24126746775e-16
5523.34020138 2.32158060425e-16
5525.52554345 2.03020969868e-16
5527.71088552 2.07401443203e-16
5529.8962276 2.07111385121e-16
5532.08156967 2.00951402606e-16
5534.26691175 1.98129183473e-16
5536.45225382 1.79565990234e-16
5538.63759589 1.81044902156e-16
5540.82293797 1.91625938483e-16
5543.00828004 1.77960701994e-16
5545.19362211 1.7038984444e-16
5547.37896419 1.69237518255e-16
5549.56430626 2.00372211116e-16
5551.74964833 1.53265055659e-16
5553.93499041 1.82015311563e-16
5556.12033248 1.86089905867e-16
5558.30567455 1.71988552141e-16
5560.49101663 1.81295066714e-16
5562.6763587 1.72525080157e-16
5564.86170077 1.79310850499e-16
5567.04704285 1.77890085653e-16
5569.23238492 1.93844108261e-16
5571.41772699 1.8063355826e-16
5573.60306907 1.94126715015e-16
5575.78841114 1.91889043942e-16
5577.97375321 2.51883795134e-16
5580.15909529 1.59845266162e-16
5582.34443736 1.5019486479e-16
5584.52977943 1.83884111808e-16
5586.71512151 1.92067035888e-16
5588.90046358 1.60459422583e-16
5591.08580565 1.72570554523e-16
5593.27114773 1.81871582312e-16
5595.4564898 1.8073610011e-16
5597.64183187 1.66581146785e-16
5599.82717395 1.85701229068e-16
5602.01251602 1.55289920561e-16
5604.1978581 1.61566180305e-16
5606.38320017 1.80715851974e-16
5608.56854224 1.73093601642e-16
5610.75388432 1.66332128316e-16
5612.93922639 1.52446958329e-16
5615.12456846 1.68004541852e-16
5617.30991054 1.57959831735e-16
5619.49525261 1.5513527471e-16
5621.68059468 1.51597042881e-16
5623.86593676 1.70426109057e-16
5626.05127883 1.74234177164e-16
5628.2366209 1.70953708896e-16
5630.42196298 1.65957441723e-16
5632.60730505 1.68647805306e-16
5634.79264712 1.71890144161e-16
5636.9779892 1.6504527275e-16
5639.16333127 1.81263090263e-16
5641.34867334 1.77847731376e-16
5643.53401542 1.84491853877e-16
5645.71935749 1.90660282732e-16
5647.90469956 1.778369599e-16
5650.09004164 1.80393450739e-16
5652.27538371 1.63914244959e-16
5654.46072578 1.75006295528e-16
5656.64606786 1.6061989491e-16
5658.83140993 1.84938376595e-16
5661.016752 1.8391085305e-16
5663.20209408 1.83265423762e-16
5665.38743615 1.83825469774e-16
5667.57277823 1.81302469425e-16
5669.7581203 1.62542518098e-16
5671.94346237 1.69662810432e-16
5674.12880445 1.70464208794e-16
5676.31414652 1.71737486642e-16
5678.49948859 1.73197919881e-16
5680.68483067 1.76891588331e-16
5682.87017274 1.63946168187e-16
5685.05551481 1.72833802368e-16
5687.24085689 1.82660742593e-16
5689.42619896 1.62157570267e-16
5691.61154103 1.69635713217e-16
5693.79688311 1.8462253571e-16
5695.98222518 1.80869092202e-16
5698.16756725 1.96169905303e-16
5700.35290933 1.9725779241e-16
5702.5382514 1.86734952979e-16
5704.72359347 1.61601538817e-16
5706.90893555 1.75313192529e-16
5709.09427762 1.91073539599e-16
5711.27961969 1.87311275403e-16
5713.46496177 1.97258829216e-16
5715.65030384 1.87018576241e-16
5717.83564591 1.94310453927e-16
5720.02098799 1.97658935514e-16
5722.20633006 2.11822255805e-16
5724.39167213 1.98504783674e-16
5726.57701421 1.87694150381e-16
5728.76235628 1.84231166459e-16
5730.94769835 1.96218997887e-16
5733.13304043 1.94897457387e-16
5735.3183825 1.71123466536e-16
5737.50372458 1.96744690848e-16
5739.68906665 1.86279102222e-16
5741.87440872 1.80624169869e-16
5744.0597508 1.86890116926e-16
5746.24509287 1.83386981104e-16
5748.43043494 1.89388388898e-16
5750.61577702 1.85576780344e-16
5752.80111909 1.66746359357e-16
5754.98646116 1.76319035551e-16
5757.17180324 1.83907245232e-16
5759.35714531 1.85284425395e-16
5761.54248738 1.90629056905e-16
5763.72782946 1.99897801569e-16
5765.91317153 1.89600309992e-16
5768.0985136 1.78880741455e-16
5770.28385568 1.81294381793e-16
5772.46919775 1.82136007783e-16
5774.65453982 1.91061423815e-16
5776.8398819 1.9175570324e-16
5779.02522397 1.91723056727e-16
5781.21056604 1.88556354052e-16
5783.39590812 1.97462266385e-16
5785.58125019 1.89242681511e-16
5787.76659226 2.06794052051e-16
5789.95193434 1.93048432622e-16
5792.13727641 1.95834707181e-16
5794.32261848 2.00038406629e-16
5796.50796056 1.76346550271e-16
5798.69330263 1.74179331862e-16
5800.8786447 1.77452574249e-16
5803.06398678 1.89762106738e-16
5805.24932885 2.02839741694e-16
5807.43467093 1.87269337337e-16
5809.620013 1.80499030837e-16
5811.80535507 1.83241649417e-16
5813.99069715 1.63311909752e-16
5816.17603922 1.79988436401e-16
5818.36138129 1.85672036867e-16
5820.54672337 1.7140886411e-16
5822.73206544 1.87138913081e-16
5824.91740751 1.75577435571e-16
5827.10274959 1.64450344092e-16
5829.28809166 1.67497583205e-16
5831.47343373 1.77261717831e-16
5833.65877581 1.84338624607e-16
5835.84411788 1.66255038525e-16
5838.02945995 1.73607844603e-16
5840.21480203 1.9299766787e-16
5842.4001441 1.86784114517e-16
5844.58548617 1.59868921637e-16
5846.77082825 1.76959754932e-16
5848.95617032 1.78205417727e-16
5851.14151239 1.76477194478e-16
5853.32685447 1.84858774475e-16
5855.51219654 1.76079959959e-16
5857.69753861 1.80614769496e-16
5859.88288069 1.76159073798e-16
5862.06822276 1.90825288541e-16
5864.25356483 1.84888791783e-16
5866.43890691 1.86845402336e-16
5868.62424898 1.81522713676e-16
5870.80959106 1.9829925707e-16
5872.99493313 2.14580215208e-16
5875.1802752 1.9219371956e-16
5877.36561728 1.86097264189e-16
5879.55095935 1.80306563607e-16
5881.73630142 1.85911183633e-16
5883.9216435 1.69859128682e-16
5886.10698557 1.78745754306e-16
5888.29232764 1.91221299426e-16
5890.47766972 1.6965021667e-16
5892.66301179 1.6754130338e-16
5894.84835386 1.66694305069e-16
5897.03369594 1.69469828362e-16
5899.21903801 1.7672644327e-16
5901.40438008 1.78809644049e-16
5903.58972216 1.80785863776e-16
5905.77506423 1.77683602475e-16
5907.9604063 1.89267061883e-16
5910.14574838 1.86123669966e-16
5912.33109045 1.74846753959e-16
5914.51643252 1.7080511552e-16
5916.7017746 1.64541845115e-16
5918.88711667 1.58286663724e-16
5921.07245874 1.76230703579e-16
5923.25780082 1.84391303986e-16
5925.44314289 1.59481292193e-16
5927.62848496 1.75205674162e-16
5929.81382704 1.79893367467e-16
5931.99916911 1.70324527089e-16
5934.18451118 1.70953363998e-16
5936.36985326 1.69160709037e-16
5938.55519533 1.71490203796e-16
5940.74053741 1.79031291098e-16
5942.92587948 1.69586948314e-16
5945.11122155 1.6341839758e-16
5947.29656363 1.7284105874e-16
5949.4819057 1.74357852436e-16
5951.66724777 1.69136569937e-16
5953.85258985 1.53791617248e-16
5956.03793192 1.49338349718e-16
5958.22327399 1.56032597313e-16
5960.40861607 1.65201356678e-16
5962.59395814 1.64899834469e-16
5964.77930021 1.51757531226e-16
5966.96464229 1.42439903783e-16
5969.14998436 1.42142863491e-16
5971.33532643 1.62174559697e-16
5973.52066851 1.80158903849e-16
5975.70601058 1.72852246193e-16
5977.89135265 1.64319891929e-16
5980.07669473 1.63803912306e-16
5982.2620368 1.67323871941e-16
5984.44737887 1.81100293047e-16
5986.63272095 1.65865243935e-16
5988.81806302 1.5382760309e-16
5991.00340509 1.67235468766e-16
5993.18874717 1.56856141237e-16
5995.37408924 1.55620117309e-16
5997.55943131 1.54076714483e-16
5999.74477339 1.56838126962e-16
6001.93011546 1.6173919893e-16
6004.11545753 1.60421805226e-16
6006.30079961 1.49290552536e-16
6008.48614168 1.51375178372e-16
6010.67148376 1.67640866337e-16
6012.85682583 1.57420382381e-16
6015.0421679 1.66305883401e-16
6017.22750998 1.586756751e-16
6019.41285205 1.50928439187e-16
6021.59819412 1.66557295348e-16
6023.7835362 1.4663486971e-16
6025.96887827 1.46911614793e-16
6028.15422034 1.49708912733e-16
6030.33956242 1.34990903492e-16
6032.52490449 1.4721828132e-16
6034.71024656 1.40372593242e-16
6036.89558864 1.46142615334e-16
6039.08093071 1.74607854506e-16
6041.26627278 1.77662775789e-16
6043.45161486 1.63299399668e-16
6045.63695693 1.50696605053e-16
6047.822299 1.47723316202e-16
6050.00764108 1.51294650601e-16
6052.19298315 1.51114485905e-16
6054.37832522 1.50943404565e-16
6056.5636673 1.52778522953e-16
6058.74900937 1.60389045696e-16
6060.93435144 1.52711866647e-16
6063.11969352 1.48109550916e-16
6065.30503559 1.5640288924e-16
6067.49037766 1.69106364049e-16
6069.67571974 1.47031001176e-16
6071.86106181 1.49017651461e-16
6074.04640388 1.61827235109e-16
6076.23174596 1.68410330467e-16
6078.41708803 1.56061066078e-16
6080.60243011 1.47925740553e-16
6082.78777218 1.453083329e-16
6084.97311425 1.42429498865e-16
6087.15845633 1.72633917605e-16
6089.3437984 1.91373592432e-16
6091.52914047 1.81971970195e-16
6093.71448255 1.74878922954e-16
6095.89982462 1.86652163798e-16
6098.08516669 1.85264985203e-16
6100.27050877 1.7546247021e-16
6102.45585084 1.7828609866e-16
6104.64119291 1.81829072126e-16
6106.82653499 1.89071437238e-16
6109.01187706 1.8994682506e-16
6111.19721913 1.93168921257e-16
6113.38256121 1.98520944529e-16
6115.56790328 2.14148379475e-16
6117.75324535 2.16805253648e-16
6119.93858743 1.99230742887e-16
6122.1239295 2.32680906141e-16
6124.30927157 2.35628035844e-16
6126.49461365 2.40078278547e-16
6128.67995572 2.48984273264e-16
6130.86529779 2.435760802e-16
6133.05063987 2.46249364631e-16
6135.23598194 2.60986291882e-16
6137.42132401 2.79358431282e-16
6139.60666609 2.96599615619e-16
6141.79200816 2.99145474408e-16
6143.97735024 3.13100891814e-16
6146.16269231 3.2923818293e-16
6148.34803438 3.38055700457e-16
6150.53337646 3.84445196015e-16
6152.71871853 4.27745052806e-16
6154.9040606 4.6372209874e-16
6157.08940268 4.92481279835e-16
6159.27474475 4.75538613379e-16
6161.46008682 4.41902292058e-16
6163.6454289 4.10760783254e-16
6165.83077097 3.94270974787e-16
6168.01611304 3.69672115072e-16
6170.20145512 3.20028841275e-16
6172.38679719 3.06628935145e-16
6174.57213926 2.96490004192e-16
6176.75748134 2.8890955356e-16
6178.94282341 2.78759766063e-16
6181.12816548 2.64014806986e-16
6183.31350756 2.56983951293e-16
6185.49884963 2.44851454376e-16
6187.6841917 2.38524436721e-16
6189.86953378 2.34224423052e-16
6192.05487585 2.1298542674e-16
6194.24021792 2.0376394487e-16
6196.42556 2.04734692299e-16
6198.61090207 2.00393943457e-16
6200.79624414 2.13948944456e-16
6202.98158622 1.91732627291e-16
6205.16692829 1.94771730591e-16
6207.35227036 1.992379688e-16
6209.53761244 1.82924626061e-16
6211.72295451 1.74318206259e-16
6213.90829659 1.73177471434e-16
6216.09363866 1.65709089372e-16
6218.27898073 1.80570348823e-16
6220.46432281 1.83380739958e-16
6222.64966488 1.74846851211e-16
6224.83500695 1.62023240619e-16
6227.02034903 1.66747516484e-16
6229.2056911 1.64859724892e-16
6231.39103317 1.56712009169e-16
6233.57637525 1.71876089255e-16
6235.76171732 1.7962422277e-16
6237.94705939 1.73860284594e-16
6240.13240147 1.72265381145e-16
6242.31774354 1.67271690994e-16
6244.50308561 1.61497678048e-16
6246.68842769 1.62390261231e-16
6248.87376976 1.73435466987e-16
6251.05911183 1.59155179089e-16
6253.24445391 1.60414987551e-16
6255.42979598 1.58368589369e-16
6257.61513805 1.60086307752e-16
6259.80048013 1.63587210224e-16
6261.9858222 1.54472887394e-16
6264.17116427 1.65655661653e-16
6266.35650635 1.54676186137e-16
6268.54184842 1.49307109342e-16
6270.72719049 1.58485482804e-16
6272.91253257 1.59358203375e-16
6275.09787464 1.61268923492e-16
6277.28321671 1.60087201285e-16
6279.46855879 1.68180696689e-16
6281.65390086 1.76743863511e-16
6283.83924294 1.57279944355e-16
6286.02458501 1.47729762213e-16
6288.20992708 1.49901894877e-16
6290.39526916 1.4587642318e-16
6292.58061123 1.49321563621e-16
6294.7659533 1.53522661032e-16
6296.95129538 1.38794665818e-16
6299.13663745 1.26478418729e-16
6301.32197952 1.46965667557e-16
6303.5073216 1.51464802907e-16
6305.69266367 1.33616787222e-16
6307.87800574 1.49502879709e-16
6310.06334782 1.55206594099e-16
6312.24868989 1.49496639385e-16
6314.43403196 1.48558426146e-16
6316.61937404 1.45639731345e-16
6318.80471611 1.51161001955e-16
6320.99005818 1.60685280725e-16
6323.17540026 1.69173038507e-16
6325.36074233 1.56261997673e-16
6327.5460844 1.56815593325e-16
6329.73142648 1.60373523713e-16
6331.91676855 1.81531771783e-16
6334.10211062 1.95998652234e-16
6336.2874527 2.20308762825e-16
6338.47279477 2.42519598995e-16
6340.65813684 2.42336688077e-16
6342.84347892 2.45574564816e-16
6345.02882099 2.18645338851e-16
6347.21416307 2.04665852872e-16
6349.39950514 1.84346272584e-16
6351.58484721 1.72037941993e-16
6353.77018929 1.68097872352e-16
6355.95553136 1.69085568252e-16
6358.14087343 1.72188065673e-16
6360.32621551 1.70591258234e-16
6362.51155758 1.71098807674e-16
6364.69689965 1.69285934262e-16
6366.88224173 1.58143880963e-16
6369.0675838 1.63288860364e-16
6371.25292587 1.67033478661e-16
6373.43826795 1.64634478051e-16
6375.62361002 1.59550444087e-16
6377.80895209 1.53075832122e-16
6379.99429417 1.60145991606e-16
6382.17963624 1.53357095969e-16
6384.36497831 1.42085272174e-16
6386.55032039 1.48579749705e-16
6388.73566246 1.59016199351e-16
6390.92100453 1.67633129924e-16
6393.10634661 1.56508848448e-16
6395.29168868 1.51223720749e-16
6397.47703075 1.52998550295e-16
6399.66237283 1.44199294773e-16
6401.8477149 1.52194569078e-16
6404.03305697 1.46643298607e-16
6406.21839905 1.41470716164e-16
6408.40374112 1.40265942735e-16
6410.58908319 1.47369698025e-16
6412.77442527 1.55953189323e-16
6414.95976734 1.47668943446e-16
6417.14510942 1.44697637925e-16
6419.33045149 1.47755955612e-16
6421.51579356 1.39773895963e-16
6423.70113564 1.31389771445e-16
6425.88647771 1.30396410619e-16
6428.07181978 1.3537219854e-16
6430.25716186 1.46691661538e-16
6432.44250393 1.36843980454e-16
6434.627846 1.41966156045e-16
6436.81318808 1.38923317929e-16
6438.99853015 1.38291224188e-16
6441.18387222 1.38904348455e-16
6443.3692143 1.44077563994e-16
6445.55455637 1.39239853319e-16
6447.73989844 1.36408571515e-16
6449.92524052 1.42376822429e-16
6452.11058259 1.2957053319e-16
6454.29592466 1.27024488346e-16
6456.48126674 1.29457682941e-16
6458.66660881 1.3050774807e-16
6460.85195088 1.24850395531e-16
6463.03729296 1.24941288955e-16
6465.22263503 1.2735138832e-16
6467.4079771 1.29281350259e-16
6469.59331918 1.37082645081e-16
6471.77866125 1.46703326377e-16
6473.96400332 1.54491878999e-16
6476.1493454 1.46402210434e-16
6478.33468747 1.43931358732e-16
6480.52002954 1.49311346221e-16
6482.70537162 1.56072079683e-16
6484.89071369 1.6717979698e-16
6487.07605577 1.60103071884e-16
6489.26139784 1.51808241297e-16
6491.44673991 1.50935535864e-16
6493.63208199 1.44650372457e-16
6495.81742406 1.46634042949e-16
6498.00276613 1.52455557227e-16
6500.18810821 1.45682753935e-16
6502.37345028 1.37832245581e-16
6504.55879235 1.43569228116e-16
6506.74413443 1.43468154604e-16
6508.9294765 1.40879646612e-16
6511.11481857 1.46139933759e-16
6513.30016065 1.44480868237e-16
6515.48550272 1.50014713118e-16
6517.67084479 1.63428774959e-16
6519.85618687 1.58258622417e-16
6522.04152894 1.63481190788e-16
6524.22687101 1.65080104215e-16
6526.41221309 1.66591438563e-16
6528.59755516 1.6461986167e-16
6530.78289723 1.58936052096e-16
6532.96823931 1.49426574695e-16
6535.15358138 1.5591740078e-16
6537.33892345 1.73133962128e-16
6539.52426553 1.70228290444e-16
6541.7096076 1.66430482709e-16
6543.89494967 1.50577171587e-16
6546.08029175 1.43910856057e-16
6548.26563382 1.56000024153e-16
6550.4509759 1.62348016892e-16
6552.63631797 1.70822474693e-16
6554.82166004 1.80718411399e-16
6557.00700212 1.78117095496e-16
6559.19234419 1.69790109675e-16
6561.37768626 1.66152799093e-16
6563.56302834 1.64010686251e-16
6565.74837041 1.64216231911e-16
6567.93371248 1.61060225812e-16
6570.11905456 1.52149508842e-16
6572.30439663 1.60398748872e-16
6574.4897387 1.66018125757e-16
6576.67508078 1.50081835104e-16
6578.86042285 1.54281568173e-16
6581.04576492 1.54220284611e-16
6583.231107 1.40178228843e-16
6585.41644907 1.63907903228e-16
6587.60179114 1.70625843076e-16
6589.78713322 1.65596400359e-16
6591.97247529 1.62541863784e-16
6594.15781736 1.41572190382e-16
6596.34315944 1.37281676035e-16
6598.52850151 1.55036784089e-16
6600.71384358 1.59753493935e-16
6602.89918566 1.35984867795e-16
6605.08452773 1.39705760053e-16
6607.2698698 1.55130054e-16
6609.45521188 1.58548262455e-16
6611.64055395 1.46214005134e-16
6613.82589602 1.57069293799e-16
6616.0112381 1.64453886575e-16
6618.19658017 1.46850066321e-16
6620.38192225 1.47158800725e-16
6622.56726432 1.5455714444e-16
6624.75260639 1.46406461546e-16
6626.93794847 1.41675367567e-16
6629.12329054 1.54002169209e-16
6631.30863261 1.59714868242e-16
6633.49397469 1.63971895179e-16
6635.67931676 1.5649968218e-16
6637.86465883 1.62993031345e-16
6640.05000091 1.72892411441e-16
6642.23534298 1.50500043581e-16
6644.42068505 1.61750255063e-16
6646.60602713 1.66220979482e-16
6648.7913692 1.47199892346e-16
6650.97671127 1.50078614387e-16
6653.16205335 1.54151038457e-16
6655.34739542 1.61923524656e-16
6657.53273749 1.62738273789e-16
6659.71807957 1.53217724314e-16
6661.90342164 1.43718960045e-16
6664.08876371 1.48504510579e-16
6666.27410579 1.5292822969e-16
6668.45944786 1.64576836991e-16
6670.64478993 1.77293319385e-16
6672.83013201 1.6067530722e-16
6675.01547408 1.70747449705e-16
6677.20081615 1.66824117985e-16
6679.38615823 1.70688585769e-16
6681.5715003 1.66080687952e-16
6683.75684237 1.63681281706e-16
6685.94218445 1.55122426187e-16
6688.12752652 1.577078156e-16
6690.3128686 1.62449111305e-16
6692.49821067 1.51637486034e-16
6694.68355274 1.45527130937e-16
6696.86889482 1.46988463276e-16
6699.05423689 1.47970734931e-16
6701.23957896 1.48762398975e-16
6703.42492104 1.56961618432e-16
6705.61026311 1.61692675781e-16
6707.79560518 1.7208484019e-16
6709.98094726 1.59876240387e-16
6712.16628933 1.46934797312e-16
6714.3516314 1.48013001154e-16
6716.53697348 1.49517896656e-16
6718.72231555 1.57000530224e-16
6720.90765762 1.65830723557e-16
6723.0929997 1.6131927251e-16
6725.27834177 1.78129810866e-16
6727.46368384 1.54554191447e-16
6729.64902592 1.52814571439e-16
6731.83436799 1.60918146512e-16
6734.01971006 1.65460004709e-16
6736.20505214 1.70016165416e-16
6738.39039421 1.74364322554e-16
6740.57573628 1.60472940508e-16
6742.76107836 1.65070093777e-16
6744.94642043 1.57045987262e-16
6747.1317625 1.49691584905e-16
6749.31710458 1.59114535891e-16
6751.50244665 1.4550319079e-16
6753.68778873 1.51017265793e-16
6755.8731308 1.52218182538e-16
6758.05847287 1.44993951372e-16
6760.24381495 1.47382438889e-16
6762.42915702 1.4617369255e-16
6764.61449909 1.59059390609e-16
6766.79984117 1.52556731727e-16
6768.98518324 1.4661749238e-16
6771.17052531 1.53033485758e-16
6773.35586739 1.54119964504e-16
6775.54120946 1.43080601947e-16
6777.72655153 1.43773731731e-16
6779.91189361 1.49125848295e-16
6782.09723568 1.51575745434e-16
6784.28257775 1.56239926162e-16
6786.46791983 1.38841544689e-16
6788.6532619 1.42577058576e-16
6790.83860397 1.52247188004e-16
6793.02394605 1.45301088967e-16
6795.20928812 1.55452528606e-16
6797.39463019 1.54268452816e-16
6799.57997227 1.38210218623e-16
6801.76531434 1.46944816173e-16
6803.95065641 1.43121555819e-16
6806.13599849 1.30923578721e-16
6808.32134056 1.41067092925e-16
6810.50668263 1.59068309477e-16
6812.69202471 1.33435058068e-16
6814.87736678 1.56953547087e-16
6817.06270885 1.35470802677e-16
6819.24805093 1.35723350504e-16
6821.433393 1.44294027923e-16
6823.61873508 1.45868307814e-16
6825.80407715 1.4641581898e-16
6827.98941922 1.36342792049e-16
6830.1747613 1.45781915856e-16
6832.36010337 1.50157119483e-16
6834.54544544 1.35269965992e-16
6836.73078752 1.46327232315e-16
6838.91612959 1.37681946298e-16
6841.10147166 1.34311826552e-16
6843.28681374 1.32199682491e-16
6845.47215581 1.45379014497e-16
6847.65749788 1.38570332661e-16
6849.84283996 1.48125819928e-16
6852.02818203 1.45261162467e-16
6854.2135241 1.50682284434e-16
6856.39886618 1.30825876362e-16
6858.58420825 1.47070915978e-16
6860.76955032 1.56711176999e-16
6862.9548924 1.6175371883e-16
6865.14023447 1.2565993368e-16
6867.32557654 9.61127100093e-17
6869.51091862 9.39078576778e-17
6871.69626069 1.19971177681e-16
6873.88160276 1.32412914729e-16
6876.06694484 1.38121916436e-16
6878.25228691 1.3608226813e-16
6880.43762898 1.37880643139e-16
6882.62297106 1.24540235199e-16
6884.80831313 1.39411450753e-16
6886.9936552 1.29797612925e-16
6889.17899728 1.37255988135e-16
6891.36433935 1.39375574553e-16
6893.54968143 1.19647262284e-16
6895.7350235 1.25265215976e-16
6897.92036557 1.21280020005e-16
6900.10570765 1.15509121079e-16
6902.29104972 1.31963282457e-16
6904.47639179 1.36625664122e-16
6906.66173387 1.204550019e-16
6908.84707594 1.09965147377e-16
6911.03241801 1.32172847045e-16
6913.21776009 1.32011464143e-16
6915.40310216 1.34240514421e-16
6917.58844423 1.34305929493e-16
6919.77378631 1.23563194661e-16
6921.95912838 1.41599799391e-16
6924.14447045 1.18370726665e-16
6926.32981253 1.44144115708e-16
6928.5151546 1.36496312172e-16
6930.70049667 1.36426349418e-16
6932.88583875 1.23669522557e-16
6935.07118082 1.18840016931e-16
6937.25652289 1.26542457748e-16
6939.44186497 1.26150454693e-16
6941.62720704 1.36317455162e-16
6943.81254911 1.33034829039e-16
6945.99789119 1.47625406442e-16
6948.18323326 1.47898781124e-16
6950.36857533 1.40417512632e-16
6952.55391741 1.24467366791e-16
6954.73925948 1.21975443987e-16
6956.92460155 1.44942120492e-16
6959.10994363 1.38905801811e-16
6961.2952857 1.43570711576e-16
6963.48062778 1.26454168916e-16
6965.66596985 1.320830978e-16
6967.85131192 1.45894778415e-16
6970.036654 1.49040041015e-16
6972.22199607 1.49344498264e-16
6974.40733814 1.58291350438e-16
6976.59268022 1.45355372263e-16
6978.77802229 1.25479245779e-16
6980.96336436 1.55634031992e-16
6983.14870644 1.52503484742e-16
6985.33404851 1.49421876403e-16
6987.51939058 1.65624660218e-16
6989.70473266 1.53336844822e-16
6991.89007473 1.35812412689e-16
6994.0754168 1.37529487659e-16
6996.26075888 1.54182019982e-16
6998.44610095 1.3421343307e-16
7000.63144302 1.39245662283e-16
7002.8167851 1.42668284821e-16
7005.00212717 1.49215211016e-16
7007.18746924 1.40805480724e-16
7009.37281132 1.32597689948e-16
7011.55815339 1.42358686088e-16
7013.74349546 1.51337209215e-16
7015.92883754 1.33455146955e-16
7018.11417961 1.40493483906e-16
7020.29952168 1.50419585839e-16
7022.48486376 1.45105200509e-16
7024.67020583 1.42324112013e-16
7026.85554791 1.31541804682e-16
7029.04088998 1.35431065299e-16
7031.22623205 1.44316303639e-16
7033.41157413 1.42530413152e-16
7035.5969162 1.32316670901e-16
7037.78225827 1.29864807579e-16
7039.96760035 1.43530982692e-16
7042.15294242 1.3961361051e-16
7044.33828449 1.35707985238e-16
7046.52362657 1.40193798516e-16
7048.70896864 1.35729319757e-16
7050.89431071 1.28973233968e-16
7053.07965279 1.40142431869e-16
7055.26499486 1.35681842441e-16
7057.45033693 1.33559798026e-16
7059.63567901 1.53334829514e-16
7061.82102108 1.40267472425e-16
7064.00636315 1.39400237317e-16
7066.19170523 1.48781680636e-16
7068.3770473 1.46487135362e-16
7070.56238937 1.29055542576e-16
7072.74773145 1.28991150219e-16
7074.93307352 1.36015854374e-16
7077.11841559 1.30068766917e-16
7079.30375767 1.32824425568e-16
7081.48909974 1.25400705779e-16
7083.67444181 1.16636624496e-16
7085.85978389 1.24581213959e-16
7088.04512596 1.38686179864e-16
7090.23046803 1.32676501257e-16
7092.41581011 1.40540181382e-16
7094.60115218 1.4394764567e-16
7096.78649426 1.24348692833e-16
7098.97183633 1.37818093744e-16
7101.1571784 1.45298214252e-16
7103.34252048 1.45448245598e-16
7105.52786255 1.49369360345e-16
7107.71320462 1.45285664269e-16
7109.8985467 1.37128741513e-16
7112.08388877 1.37234359137e-16
7114.26923084 1.5464848272e-16
7116.45457292 1.54957766721e-16
7118.63991499 1.32212898815e-16
7120.82525706 1.2540864588e-16
7123.01059914 1.48780299665e-16
7125.19594121 1.39271532161e-16
7127.38128328 1.41969965755e-16
7129.56662536 1.53774594963e-16
7131.75196743 1.57685670548e-16
7133.9373095 1.46903936741e-16
7136.12265158 1.38977273425e-16
7138.30799365 1.3961698442e-16
7140.49333572 1.42286926551e-16
7142.6786778 1.4339173482e-16
7144.86401987 1.42061060607e-16
7147.04936194 1.43263682018e-16
7149.23470402 1.41885324198e-16
7151.42004609 1.29959192516e-16
7153.60538816 1.4028274431e-16
7155.79073024 1.4120175791e-16
7157.97607231 1.31478643749e-16
7160.16141438 1.27069380375e-16
7162.34675646 1.32507305565e-16
7164.53209853 1.34887321268e-16
7166.71744061 1.28387267547e-16
7168.90278268 1.43272457737e-16
7171.08812475 1.48784734175e-16
7173.27346683 1.50819600615e-16
7175.4588089 1.29011949342e-16
7177.64415097 1.40181856574e-16
7179.82949305 1.32766631214e-16
7182.01483512 1.33842907743e-16
7184.20017719 1.34714322791e-16
7186.38551927 1.35807872485e-16
7188.57086134 1.43521328064e-16
7190.75620341 1.54860189976e-16
7192.94154549 1.42218920881e-16
7195.12688756 1.27661450816e-16
7197.31222963 1.46285844921e-16
7199.49757171 1.42805985973e-16
7201.68291378 1.38899849424e-16
7203.86825585 1.37365245637e-16
7206.05359793 1.39161639968e-16
7208.23894 1.51808904256e-16
7210.42428207 1.25754062119e-16
7212.60962415 1.42255206282e-16
7214.79496622 1.34772348878e-16
7216.98030829 1.19973845893e-16
7219.16565037 1.41802351353e-16
7221.35099244 1.33333464915e-16
7223.53633451 1.19929986652e-16
7225.72167659 1.42221881872e-16
7227.90701866 1.37873019189e-16
7230.09236074 1.32914282558e-16
7232.27770281 1.38613964546e-16
7234.46304488 1.33806413274e-16
7236.64838696 1.20740848513e-16
7238.83372903 1.41922850936e-16
7241.0190711 1.4779359131e-16
7243.20441318 1.38201295411e-16
7245.38975525 1.23704991113e-16
7247.57509732 1.29027918874e-16
7249.7604394 1.20436907117e-16
7251.94578147 1.20092383927e-16
7254.13112354 1.14531120843e-16
7256.31646562 1.3178403512e-16
7258.50180769 1.35621576102e-16
7260.68714976 1.39644677891e-16
7262.87249184 1.35147050551e-16
7265.05783391 1.18900519524e-16
7267.24317598 1.31649036761e-16
7269.42851806 1.31055322741e-16
7271.61386013 1.32688661669e-16
7273.7992022 1.39231994603e-16
7275.98454428 1.46962661258e-16
7278.16988635 1.5642947211e-16
7280.35522842 1.27358914812e-16
7282.5405705 1.36168155686e-16
7284.72591257 1.49353327353e-16
7286.91125464 1.2904579762e-16
7289.09659672 1.35161266421e-16
7291.28193879 1.11008629042e-16
7293.46728086 1.35806236449e-16
7295.65262294 1.27213935283e-16
7297.83796501 1.31436321676e-16
7300.02330709 1.45221101597e-16
7302.20864916 1.52643521147e-16
7304.39399123 1.28061362471e-16
7306.57933331 1.20786749668e-16
7308.76467538 1.2929235721e-16
7310.95001745 1.42336755906e-16
7313.13535953 1.3420436556e-16
7315.3207016 1.50632651552e-16
7317.50604367 1.2868267655e-16
7319.69138575 1.32310166184e-16
7321.87672782 1.31536774785e-16
7324.06206989 1.35534754917e-16
7326.24741197 1.3157293784e-16
7328.43275404 1.26030832793e-16
7330.61809611 1.25508575873e-16
7332.80343819 1.22498416941e-16
7334.98878026 1.23742298232e-16
7337.17412233 1.33158822257e-16
7339.35946441 1.18973761639e-16
7341.54480648 1.26768448775e-16
7343.73014855 1.39154992196e-16
7345.91549063 1.42034655241e-16
7348.1008327 1.14586475983e-16
7350.28617477 1.24781879391e-16
7352.47151685 1.35898385945e-16
7354.65685892 1.44719879797e-16
7356.84220099 1.46131043868e-16
7359.02754307 1.35815545909e-16
7361.21288514 1.40530463253e-16
7363.39822721 1.31189924895e-16
7365.58356929 1.23378661929e-16
7367.76891136 1.37552824267e-16
7369.95425344 1.26121644044e-16
7372.13959551 1.09847906267e-16
7374.32493758 1.3568063262e-16
7376.51027966 1.42753771083e-16
7378.69562173 1.40741474742e-16
7380.8809638 1.38869810714e-16
7383.06630588 1.40141066183e-16
7385.25164795 1.43169413737e-16
7387.43699002 1.41970392635e-16
7389.6223321 1.44227251721e-16
7391.80767417 1.38590798194e-16
7393.99301624 1.33180732046e-16
7396.17835832 1.2610770189e-16
7398.36370039 1.27884035866e-16
7400.54904246 1.40782415159e-16
7402.73438454 1.44796686114e-16
7404.91972661 1.52907613681e-16
7407.10506868 1.45940496046e-16
7409.29041076 1.44159841365e-16
7411.47575283 1.39561169177e-16
7413.6610949 1.29364593464e-16
7415.84643698 1.45602903614e-16
7418.03177905 1.46004901961e-16
7420.21712112 1.6122342484e-16
7422.4024632 1.79512234867e-16
7424.58780527 1.63369968311e-16
7426.77314734 1.5088931277e-16
7428.95848942 1.58722257776e-16
7431.14383149 1.54730824639e-16
7433.32917357 1.64352096222e-16
7435.51451564 1.70211321476e-16
7437.69985771 1.66363513632e-16
7439.88519979 1.75369424316e-16
7442.07054186 1.63226258879e-16
7444.25588393 1.57886060196e-16
7446.44122601 1.47846141339e-16
7448.62656808 1.58282528705e-16
7450.81191015 1.59872800376e-16
7452.99725223 1.44969187975e-16
7455.1825943 1.47306743098e-16
7457.36793637 1.60738507305e-16
7459.55327845 1.5401537949e-16
7461.73862052 1.55970297094e-16
7463.92396259 1.55286972375e-16
7466.10930467 1.41311013397e-16
7468.29464674 1.54024371684e-16
7470.47998881 1.55130590957e-16
7472.66533089 1.47544503765e-16
7474.85067296 1.43742148289e-16
7477.03601503 1.55393806333e-16
7479.22135711 1.54187567579e-16
7481.40669918 1.50418061449e-16
7483.59204125 1.59752068568e-16
7485.77738333 1.42102999762e-16
7487.9627254 1.53133383624e-16
7490.14806747 1.49697653186e-16
7492.33340955 1.35383365114e-16
7494.51875162 1.42670392486e-16
7496.70409369 1.42291902156e-16
7498.88943577 1.31276824936e-16
7501.07477784 1.34590540686e-16
7503.26011992 1.38689756712e-16
7505.44546199 1.18416516491e-16
7507.63080406 1.48209339931e-16
7509.81614614 1.49843977584e-16
7512.00148821 1.23792455324e-16
7514.18683028 1.44778016016e-16
7516.37217236 1.31705645912e-16
7518.55751443 1.16472169182e-16
7520.7428565 1.30494390696e-16
7522.92819858 1.46807467205e-16
7525.11354065 1.33243880351e-16
7527.29888272 1.262408771e-16
7529.4842248 1.39194148958e-16
7531.66956687 1.45135993071e-16
7533.85490894 1.42010798085e-16
7536.04025102 1.31880842738e-16
7538.22559309 1.36028065812e-16
7540.41093516 1.41722315874e-16
7542.59627724 1.3574385479e-16
7544.78161931 1.39714915898e-16
7546.96696138 1.365814626e-16
7549.15230346 1.35611106884e-16
7551.33764553 1.34630697439e-16
7553.5229876 1.43605084517e-16
7555.70832968 1.41762006936e-16
7557.89367175 1.5286858614e-16
7560.07901382 1.37767120021e-16
7562.2643559 1.28157246154e-16
7564.44969797 1.48140151579e-16
7566.63504004 1.40165317496e-16
7568.82038212 1.42409521509e-16
7571.00572419 1.39511773941e-16
7573.19106627 1.50144531059e-16
7575.37640834 1.54556835655e-16
7577.56175041 1.42531497919e-16
7579.74709249 1.43293712575e-16
7581.93243456 1.55134683252e-16
7584.11777663 1.54617659397e-16
7586.30311871 1.44268609413e-16
7588.48846078 1.37866122973e-16
7590.67380285 1.52482717583e-16
7592.85914493 1.54884626516e-16
7595.044487 1.63771054166e-16
7597.22982907 1.48288811284e-16
7599.41517115 1.5587924254e-16
7601.60051322 1.37855848435e-16
7603.78585529 9.71855937368e-17
7605.97119737 1.21520679253e-16
7608.15653944 1.45812278424e-16
7610.34188151 1.32361523489e-16
7612.52722359 1.51022388814e-16
7614.71256566 1.51269137894e-16
7616.89790773 1.50464960765e-16
7619.08324981 1.81548374459e-16
7621.26859188 1.66839288659e-16
7623.45393395 1.18617381059e-16
7625.63927603 1.39019629084e-16
7627.8246181 1.43146115563e-16
7630.00996017 1.15038855729e-16
7632.19530225 1.49065604852e-16
7634.38064432 1.69080416457e-16
7636.5659864 1.56174769062e-16
7638.75132847 1.45924243902e-16
7640.93667054 1.49295979729e-16
7643.12201262 1.37378291177e-16
7645.30735469 1.41044157907e-16
7647.49269676 1.62654011598e-16
7649.67803884 1.4994493001e-16
7651.86338091 1.5040953846e-16
7654.04872298 1.1376664691e-16
7656.23406506 1.06840761339e-16
7658.41940713 1.17022863904e-16
7660.6047492 1.25870435892e-16
7662.79009128 1.29338198613e-16
7664.97543335 1.13209467577e-16
7667.16077542 1.16837331839e-16
7669.3461175 1.30173410426e-16
7671.53145957 1.38630427256e-16
7673.71680164 1.27502040702e-16
7675.90214372 1.29634073812e-16
7678.08748579 1.4218426386e-16
7680.27282786 1.42132943381e-16
7682.45816994 1.40757487184e-16
7684.64351201 1.41761447826e-16
7686.82885408 1.4497222712e-16
7689.01419616 1.35340898192e-16
7691.19953823 1.34201371809e-16
7693.3848803 1.45158395172e-16
7695.57022238 1.25115141578e-16
7697.75556445 1.26491932886e-16
7699.94090652 1.3079650259e-16
7702.1262486 1.49134785536e-16
7704.31159067 1.46758650145e-16
7706.49693275 1.39429145339e-16
7708.68227482 1.50717298142e-16
7710.86761689 1.5218838724e-16
7713.05295897 1.64904505661e-16
7715.23830104 1.60089143506e-16
7717.42364311 1.38620474015e-16
7719.60898519 1.25470246658e-16
7721.79432726 1.28073162895e-16
7723.97966933 1.46919872277e-16
7726.16501141 1.54672382647e-16
7728.35035348 1.59379222877e-16
7730.53569555 1.41693588275e-16
7732.72103763 1.59212118e-16
7734.9063797 1.59776707281e-16
7737.09172177 1.43519439642e-16
7739.27706385 1.35467511924e-16
7741.46240592 1.52245256195e-16
7743.64774799 1.32140500346e-16
7745.83309007 1.32295115953e-16
7748.01843214 1.40163646951e-16
7750.20377421 1.48333210891e-16
7752.38911629 1.08113132424e-16
7754.57445836 1.34133272154e-16
7756.75980043 1.3592798881e-16
7758.94514251 1.34541121478e-16
7761.13048458 1.45754148572e-16
7763.31582665 1.32526938924e-16
7765.50116873 1.38230034567e-16
7767.6865108 1.40897293684e-16
7769.87185287 1.32853628784e-16
7772.05719495 1.5179818449e-16
7774.24253702 1.31792816846e-16
7776.4278791 1.42262120033e-16
7778.61322117 1.6307861741e-16
7780.79856324 1.41343234382e-16
7782.98390532 1.17201059494e-16
7785.16924739 1.32082367745e-16
7787.35458946 1.28951410588e-16
7789.53993154 1.59840772992e-16
7791.72527361 1.20176383779e-16
7793.91061568 1.34606654984e-16
7796.09595776 1.27256464126e-16
7798.28129983 1.26958008859e-16
7800.4666419 1.4230973894e-16
7802.65198398 1.42208700787e-16
7804.83732605 1.46229020576e-16
7807.02266812 1.42019579654e-16
7809.2080102 1.59537481705e-16
7811.39335227 1.44589971201e-16
7813.57869434 1.25900770344e-16
7815.76403642 1.61261284299e-16
7817.94937849 1.72345858091e-16
7820.13472056 1.41811717156e-16
7822.32006264 1.43323631261e-16
7824.50540471 1.33752947113e-16
7826.69074678 1.42849861269e-16
7828.87608886 1.35418541786e-16
7831.06143093 1.29004226887e-16
7833.246773 1.36882338824e-16
7835.43211508 1.48077514966e-16
7837.61745715 1.56691759104e-16
7839.80279922 1.48059937754e-16
7841.9881413 1.31079710103e-16
7844.17348337 1.26919762894e-16
7846.35882545 1.19076409244e-16
7848.54416752 1.22268280447e-16
7850.72950959 1.29810727778e-16
7852.91485167 1.20441677104e-16
7855.10019374 1.34439094904e-16
7857.28553581 1.42491205918e-16
7859.47087789 1.33785508793e-16
7861.65621996 1.46940877729e-16
7863.84156203 1.57127347844e-16
7866.02690411 1.57800790477e-16
7868.21224618 1.30539201547e-16
7870.39758825 1.37893997373e-16
7872.58293033 1.31570341992e-16
7874.7682724 1.30599640796e-16
7876.95361447 1.4411543253e-16
7879.13895655 1.61101896325e-16
7881.32429862 1.64765929308e-16
7883.50964069 1.39744216301e-16
7885.69498277 1.74893711824e-16
7887.88032484 1.94140032206e-16
7890.06566691 1.5979145016e-16
7892.25100899 1.39918194807e-16
7894.43635106 1.41735911737e-16
7896.62169313 1.43770521929e-16
7898.80703521 1.49594935306e-16
7900.99237728 1.43035940581e-16
7903.17771935 1.56319682752e-16
7905.36306143 1.53501418544e-16
7907.5484035 1.43207370175e-16
7909.73374558 1.55890234254e-16
7911.91908765 1.5603665619e-16
7914.10442972 1.66001465374e-16
7916.2897718 1.52760218265e-16
7918.47511387 1.39626125646e-16
7920.66045594 1.51909215331e-16
7922.84579802 1.34462487339e-16
7925.03114009 1.24653125437e-16
7927.21648216 1.37102752192e-16
7929.40182424 1.58196331684e-16
7931.58716631 1.54772105146e-16
7933.77250838 8.05440279821e-17
